# Peak: 388
# X	Y
0	414
1	414
2	414
3	414
4	414
5	414
6	414
7	414
8	414
9	414
10	414
11	414
12	414
13	414
14	414
15	414
16	413
17	413
18	413
19	413
20	413
21	413
22	413
23	413
24	413
25	413
26	413
27	413
28	413
29	413
30	413
31	413
32	413
33	413
34	413
35	412
36	412
37	412
38	412
39	412
40	412
41	412
42	412
43	412
44	412
45	412
46	412
47	412
48	412
49	412
50	412
51	412
52	411
53	411
54	411
55	411
56	411
57	411
58	411
59	411
60	411
61	411
62	411
63	411
64	411
65	411
66	411
67	411
68	411
69	411
70	411
71	410
72	410
73	410
74	410
75	410
76	410
77	410
78	410
79	410
80	410
81	410
82	410
83	410
84	410
85	410
86	410
87	410
88	410
89	409
90	409
91	409
92	409
93	409
94	409
95	409
96	409
97	409
98	409
99	409
100	409
101	409
102	409
103	409
104	409
105	409
106	409
107	408
108	409
109	408
110	408
111	408
112	408
113	408
114	408
115	408
116	408
117	408
118	408
119	408
120	408
121	408
122	408
123	408
124	408
125	408
126	408
127	407
128	407
129	407
130	407
131	407
132	407
133	407
134	407
135	407
136	407
137	407
138	407
139	407
140	407
141	407
142	407
143	407
144	407
145	407
146	406
147	406
148	406
149	406
150	406
151	406
152	406
153	406
154	406
155	406
156	406
157	406
158	406
159	406
160	406
161	406
162	406
163	406
164	406
165	406
166	405
167	405
168	405
169	405
170	405
171	405
172	405
173	405
174	405
175	405
176	405
177	405
178	405
179	405
180	405
181	405
182	405
183	405
184	405
185	404
186	404
187	404
188	404
189	404
190	404
191	404
192	404
193	404
194	404
195	404
196	404
197	404
198	404
199	404
200	404
201	404
202	404
203	403
204	403
205	403
206	403
207	403
208	403
209	403
210	403
211	403
212	403
213	403
214	403
215	403
216	403
217	403
218	403
219	403
220	403
221	403
222	402
223	402
224	402
225	402
226	402
227	402
228	402
229	402
230	402
231	402
232	402
233	402
234	402
235	402
236	402
237	402
238	402
239	402
240	402
241	402
242	401
243	401
244	401
245	401
246	401
247	401
248	401
249	401
250	401
251	401
252	401
253	401
254	401
255	401
256	401
257	401
258	401
259	401
260	400
261	400
262	400
263	400
264	400
265	400
266	400
267	400
268	400
269	400
270	400
271	400
272	400
273	400
274	400
275	400
276	400
277	400
278	400
279	400
280	400
281	399
282	399
283	399
284	399
285	399
286	399
287	399
288	399
289	399
290	399
291	399
292	399
293	399
294	399
295	399
296	399
297	399
298	399
299	399
300	398
301	398
302	398
303	398
304	398
305	398
306	398
307	398
308	398
309	398
310	398
311	398
312	398
313	398
314	398
315	398
316	398
317	398
318	398
319	398
320	397
321	397
322	397
323	397
324	397
325	397
326	397
327	397
328	397
329	397
330	397
331	397
332	397
333	397
334	397
335	397
336	397
337	397
338	397
339	396
340	396
341	396
342	396
343	396
344	396
345	396
346	396
347	396
348	396
349	396
350	396
351	396
352	396
353	396
354	396
355	396
356	396
357	396
358	396
359	396
360	395
361	395
362	395
363	395
364	395
365	395
366	395
367	395
368	395
369	395
370	395
371	395
372	395
373	395
374	395
375	395
376	395
377	395
378	395
379	394
380	395
381	394
382	394
383	394
384	394
385	394
386	394
387	394
388	394
389	394
390	394
391	394
392	394
393	394
394	394
395	394
396	394
397	394
398	394
399	394
400	393
401	394
402	393
403	393
404	393
405	393
406	393
407	393
408	393
409	393
410	393
411	393
412	393
413	393
414	393
415	393
416	393
417	393
418	393
419	393
420	393
421	393
422	392
423	392
424	392
425	392
426	392
427	392
428	392
429	392
430	392
431	392
432	392
433	392
434	392
435	392
436	392
437	392
438	392
439	392
440	392
441	391
442	391
443	391
444	391
445	391
446	391
447	391
448	391
449	391
450	391
451	391
452	391
453	391
454	391
455	391
456	391
457	391
458	391
459	391
460	391
461	391
462	390
463	391
464	390
465	390
466	390
467	390
468	390
469	390
470	390
471	390
472	390
473	390
474	390
475	390
476	390
477	390
478	390
479	390
480	390
481	390
482	389
483	389
484	389
485	389
486	389
487	389
488	389
489	389
490	389
491	389
492	389
493	389
494	389
495	389
496	389
497	389
498	389
499	389
500	389
501	389
502	389
503	389
504	389
505	388
506	388
507	388
508	388
509	388
510	388
511	388
512	388
513	388
514	388
515	388
516	388
517	388
518	388
519	388
520	388
521	388
522	388
523	388
524	388
525	388
526	388
527	387
528	387
529	387
530	387
531	387
532	387
533	387
534	387
535	387
536	387
537	387
538	387
539	387
540	387
541	387
542	387
543	387
544	387
545	387
546	387
547	386
548	386
549	386
550	386
551	386
552	386
553	386
554	386
555	386
556	386
557	386
558	386
559	386
560	386
561	386
562	386
563	386
564	386
565	386
566	386
567	386
568	386
569	385
570	385
571	385
572	385
573	385
574	385
575	385
576	385
577	385
578	385
579	385
580	385
581	385
582	385
583	385
584	385
585	385
586	385
587	385
588	385
589	384
590	384
591	384
592	384
593	384
594	384
595	384
596	384
597	384
598	384
599	384
600	384
601	384
602	384
603	384
604	384
605	384
606	384
607	384
608	384
609	384
610	384
611	384
612	383
613	383
614	383
615	383
616	383
617	383
618	383
619	383
620	383
621	383
622	383
623	383
624	383
625	383
626	383
627	383
628	383
629	383
630	383
631	383
632	383
633	383
634	383
635	382
636	382
637	382
638	382
639	382
640	382
641	382
642	382
643	382
644	382
645	382
646	382
647	382
648	382
649	382
650	382
651	382
652	382
653	382
654	382
655	382
656	382
657	381
658	381
659	381
660	381
661	381
662	381
663	381
664	381
665	381
666	381
667	381
668	381
669	381
670	381
671	381
672	381
673	381
674	381
675	381
676	381
677	380
678	380
679	381
680	380
681	380
682	380
683	380
684	380
685	380
686	380
687	380
688	380
689	380
690	380
691	380
692	380
693	380
694	380
695	380
696	380
697	380
698	380
699	380
700	380
701	380
702	379
703	379
704	379
705	379
706	379
707	379
708	379
709	379
710	379
711	379
712	379
713	379
714	379
715	379
716	379
717	379
718	379
719	379
720	379
721	379
722	379
723	378
724	379
725	378
726	378
727	378
728	378
729	378
730	378
731	378
732	378
733	378
734	378
735	378
736	378
737	378
738	378
739	378
740	378
741	378
742	378
743	378
744	378
745	378
746	378
747	377
748	377
749	377
750	377
751	377
752	377
753	377
754	377
755	377
756	377
757	377
758	377
759	377
760	377
761	377
762	377
763	377
764	377
765	377
766	377
767	377
768	377
769	376
770	376
771	376
772	376
773	376
774	376
775	376
776	376
777	376
778	376
779	376
780	376
781	376
782	376
783	376
784	376
785	376
786	376
787	376
788	376
789	376
790	375
791	376
792	376
793	376
794	375
795	375
796	375
797	375
798	375
799	375
800	375
801	375
802	375
803	375
804	375
805	375
806	375
807	375
808	375
809	375
810	375
811	375
812	375
813	375
814	375
815	375
816	374
817	374
818	374
819	374
820	374
821	374
822	374
823	374
824	374
825	374
826	374
827	374
828	374
829	374
830	374
831	374
832	374
833	374
834	374
835	374
836	374
837	374
838	374
839	374
840	373
841	373
842	373
843	373
844	373
845	373
846	373
847	373
848	373
849	373
850	373
851	373
852	373
853	373
854	373
855	373
856	373
857	373
858	373
859	373
860	373
861	373
862	373
863	373
864	372
865	372
866	372
867	372
868	372
869	372
870	372
871	372
872	372
873	372
874	372
875	372
876	372
877	372
878	372
879	372
880	372
881	372
882	372
883	372
884	372
885	372
886	372
887	371
888	371
889	371
890	371
891	371
892	371
893	371
894	371
895	371
896	371
897	371
898	371
899	371
900	371
901	371
902	371
903	371
904	371
905	371
906	371
907	371
908	371
909	371
910	370
911	370
912	370
913	370
914	370
915	370
916	370
917	370
918	370
919	370
920	370
921	370
922	370
923	370
924	370
925	370
926	370
927	370
928	370
929	370
930	370
931	370
932	370
933	370
934	370
935	370
936	370
937	369
938	369
939	369
940	369
941	369
942	369
943	369
944	369
945	369
946	369
947	369
948	369
949	369
950	369
951	369
952	369
953	369
954	369
955	369
956	369
957	369
958	369
959	369
960	368
961	368
962	368
963	368
964	368
965	368
966	368
967	368
968	368
969	368
970	368
971	368
972	368
973	368
974	368
975	368
976	368
977	368
978	368
979	368
980	368
981	368
982	368
983	368
984	367
985	368
986	368
987	367
988	367
989	367
990	367
991	367
992	367
993	367
994	367
995	367
996	367
997	367
998	367
999	367
1000	367
1001	367
1002	367
1003	367
1004	367
1005	367
1006	367
1007	367
1008	367
1009	367
1010	367
1011	367
1012	367
1013	366
1014	366
1015	366
1016	366
1017	366
1018	366
1019	366
1020	366
1021	366
1022	366
1023	366
