# Peak: 257
# X	Y
0	281
1	281
2	281
3	281
4	281
5	281
6	281
7	281
8	280
9	280
10	280
11	280
12	280
13	280
14	280
15	280
16	280
17	280
18	280
19	280
20	280
21	280
22	280
23	280
24	280
25	280
26	280
27	279
28	279
29	279
30	279
31	279
32	279
33	279
34	279
35	279
36	279
37	279
38	279
39	279
40	279
41	279
42	279
43	279
44	279
45	279
46	279
47	278
48	278
49	278
50	278
51	278
52	278
53	278
54	278
55	278
56	278
57	278
58	278
59	278
60	278
61	278
62	278
63	278
64	278
65	278
66	278
67	277
68	277
69	277
70	277
71	277
72	277
73	277
74	277
75	277
76	277
77	277
78	277
79	277
80	277
81	277
82	277
83	277
84	277
85	277
86	277
87	277
88	276
89	276
90	276
91	276
92	276
93	276
94	276
95	276
96	276
97	276
98	276
99	276
100	276
101	276
102	276
103	276
104	276
105	276
106	276
107	276
108	276
109	275
110	275
111	275
112	275
113	275
114	275
115	275
116	275
117	275
118	275
119	275
120	275
121	275
122	275
123	275
124	275
125	275
126	275
127	275
128	275
129	275
130	275
131	274
132	274
133	274
134	274
135	274
136	274
137	274
138	274
139	274
140	274
141	274
142	274
143	274
144	274
145	274
146	274
147	274
148	274
149	273
150	274
151	273
152	273
153	273
154	273
155	273
156	273
157	273
158	273
159	273
160	273
161	273
162	273
163	273
164	273
165	273
166	273
167	273
168	273
169	273
170	273
171	272
172	272
173	272
174	272
175	272
176	272
177	272
178	272
179	272
180	272
181	272
182	272
183	272
184	272
185	272
186	272
187	272
188	272
189	272
190	271
191	272
192	271
193	271
194	271
195	271
196	271
197	271
198	271
199	271
200	271
201	271
202	271
203	271
204	271
205	271
206	271
207	271
208	271
209	271
210	271
211	271
212	270
213	270
214	270
215	270
216	270
217	270
218	270
219	270
220	270
221	270
222	270
223	270
224	270
225	270
226	270
227	270
228	270
229	270
230	270
231	270
232	270
233	270
234	269
235	269
236	269
237	269
238	269
239	269
240	269
241	269
242	269
243	269
244	269
245	269
246	269
247	269
248	269
249	269
250	269
251	269
252	269
253	269
254	268
255	269
256	268
257	268
258	268
259	268
260	268
261	268
262	268
263	268
264	268
265	268
266	268
267	268
268	268
269	268
270	268
271	268
272	268
273	268
274	268
275	268
276	267
277	267
278	267
279	267
280	267
281	267
282	267
283	267
284	267
285	267
286	267
287	267
288	267
289	267
290	267
291	267
292	267
293	267
294	267
295	267
296	267
297	267
298	266
299	266
300	266
301	266
302	266
303	266
304	266
305	266
306	266
307	266
308	266
309	266
310	266
311	266
312	266
313	266
314	266
315	266
316	266
317	266
318	266
319	265
320	265
321	265
322	265
323	265
324	265
325	265
326	265
327	265
328	265
329	265
330	265
331	265
332	265
333	265
334	265
335	265
336	265
337	265
338	265
339	265
340	264
341	264
342	264
343	264
344	264
345	264
346	264
347	264
348	264
349	264
350	264
351	264
352	264
353	264
354	264
355	264
356	264
357	264
358	264
359	264
360	264
361	264
362	264
363	264
364	263
365	263
366	263
367	263
368	263
369	263
370	263
371	263
372	263
373	263
374	263
375	263
376	263
377	263
378	263
379	263
380	263
381	263
382	263
383	263
384	263
385	262
386	262
387	262
388	262
389	262
390	262
391	262
392	262
393	262
394	262
395	262
396	262
397	262
398	262
399	262
400	262
401	262
402	262
403	262
404	262
405	262
406	261
407	261
408	261
409	261
410	261
411	261
412	261
413	261
414	261
415	261
416	261
417	261
418	261
419	261
420	261
421	261
422	261
423	261
424	261
425	261
426	261
427	261
428	261
429	261
430	261
431	260
432	260
433	260
434	260
435	260
436	260
437	260
438	260
439	260
440	260
441	260
442	260
443	260
444	260
445	260
446	260
447	260
448	260
449	260
450	260
451	260
452	259
453	259
454	259
455	259
456	259
457	259
458	259
459	259
460	259
461	259
462	259
463	259
464	259
465	259
466	259
467	259
468	259
469	259
470	259
471	259
472	259
473	259
474	259
475	258
476	258
477	258
478	258
479	258
480	258
481	258
482	258
483	258
484	258
485	258
486	258
487	258
488	258
489	258
490	258
491	258
492	258
493	258
494	258
495	258
496	258
497	258
498	258
499	257
500	257
501	257
502	257
503	257
504	257
505	257
506	257
507	257
508	257
509	257
510	257
511	257
512	257
513	257
514	257
515	257
516	257
517	257
518	257
519	257
520	257
521	256
522	256
523	256
524	256
525	256
526	256
527	256
528	256
529	256
530	256
531	256
532	256
533	256
534	256
535	256
536	256
537	256
538	256
539	256
540	256
541	256
542	256
543	256
544	255
545	255
546	255
547	255
548	255
549	255
550	255
551	255
552	255
553	255
554	255
555	255
556	255
557	255
558	255
559	255
560	255
561	255
562	255
563	255
564	255
565	255
566	255
567	255
568	255
569	255
570	254
571	254
572	254
573	254
574	254
575	254
576	254
577	254
578	254
579	254
580	254
581	254
582	254
583	254
584	254
585	254
586	254
587	254
588	254
589	254
590	254
591	254
592	254
593	253
594	253
595	253
596	253
597	253
598	253
599	253
600	253
601	253
602	253
603	253
604	253
605	253
606	253
607	253
608	253
609	253
610	253
611	253
612	253
613	253
614	253
615	253
616	252
617	252
618	252
619	252
620	252
621	252
622	252
623	252
624	252
625	252
626	252
627	252
628	252
629	252
630	252
631	252
632	252
633	252
634	252
635	252
636	252
637	252
638	252
639	252
640	252
641	251
642	251
643	251
644	251
645	251
646	251
647	251
648	251
649	251
650	251
651	251
652	251
653	251
654	251
655	251
656	251
657	251
658	251
659	251
660	251
661	251
662	251
663	251
664	250
665	250
666	250
667	250
668	250
669	250
670	250
671	250
672	250
673	250
674	250
675	250
676	250
677	250
678	250
679	250
680	250
681	250
682	250
683	250
684	250
685	250
686	250
687	250
688	250
689	249
690	249
691	249
692	249
693	249
694	249
695	249
696	249
697	249
698	249
699	249
700	249
701	249
702	249
703	249
704	249
705	249
706	249
707	249
708	249
709	249
710	249
711	249
712	249
713	248
714	248
715	248
716	248
717	248
718	248
719	248
720	248
721	248
722	248
723	248
724	248
725	248
726	248
727	248
728	248
729	248
730	248
731	248
732	248
733	248
734	248
735	248
736	248
737	248
738	248
739	247
740	247
741	247
742	247
743	247
744	247
745	247
746	247
747	247
748	247
749	247
750	247
751	247
752	247
753	247
754	247
755	247
756	247
757	247
758	247
759	247
760	247
761	247
762	246
763	246
764	247
765	246
766	246
767	246
768	246
769	246
770	246
771	246
772	246
773	246
774	246
775	246
776	246
777	246
778	246
779	246
780	246
781	246
782	246
783	246
784	246
785	246
786	246
787	246
788	246
789	245
790	245
791	245
792	245
793	245
794	245
795	245
796	245
797	245
798	245
799	245
800	245
801	245
802	245
803	245
804	245
805	245
806	245
807	245
808	245
809	245
810	245
811	245
812	245
813	244
814	244
815	244
816	244
817	244
818	244
819	244
820	244
821	244
822	244
823	244
824	244
825	244
826	244
827	244
828	244
829	244
830	244
831	244
832	244
833	244
834	244
835	244
836	244
837	244
838	244
839	243
840	244
841	243
842	244
843	243
844	243
845	243
846	243
847	243
848	243
849	243
850	243
851	243
852	243
853	243
854	243
855	243
856	243
857	243
858	243
859	243
860	243
861	243
862	243
863	243
864	243
865	243
866	243
867	242
868	242
869	242
870	242
871	242
872	242
873	242
874	242
875	242
876	242
877	242
878	242
879	242
880	242
881	242
882	242
883	242
884	242
885	242
886	242
887	242
888	242
889	242
890	242
891	242
892	242
893	242
894	242
895	242
896	241
897	241
898	241
899	241
900	241
901	241
902	241
903	241
904	241
905	241
906	241
907	241
908	241
909	241
910	241
911	241
912	241
913	241
914	241
915	241
916	241
917	241
918	241
919	241
920	241
921	240
922	240
923	240
924	241
925	240
926	240
927	240
928	240
929	240
930	240
931	240
932	240
933	240
934	240
935	240
936	240
937	240
938	240
939	240
940	240
941	240
942	240
943	240
944	240
945	240
946	240
947	240
948	240
949	239
950	239
951	239
952	240
953	239
954	239
955	239
956	239
957	239
958	239
959	239
960	239
961	239
962	239
963	239
964	239
965	239
966	239
967	239
968	239
969	239
970	239
971	239
972	239
973	239
974	239
975	239
976	239
977	238
978	238
979	238
980	238
981	238
982	238
983	238
984	238
985	238
986	238
987	238
988	238
989	238
990	238
991	238
992	238
993	238
994	238
995	238
996	238
997	238
998	238
999	238
1000	238
1001	237
1002	238
1003	237
1004	238
1005	237
1006	237
1007	237
1008	237
1009	237
1010	237
1011	237
1012	237
1013	237
1014	237
1015	237
1016	237
1017	237
1018	237
1019	237
1020	237
1021	237
1022	237
1023	237
