# Peak: 62
# X	Y
0	83
1	83
2	83
3	83
4	83
5	83
6	83
7	83
8	83
9	82
10	82
11	83
12	82
13	82
14	82
15	82
16	82
17	82
18	82
19	82
20	82
21	82
22	82
23	82
24	82
25	82
26	82
27	82
28	82
29	82
30	82
31	81
32	81
33	81
34	81
35	81
36	81
37	81
38	81
39	81
40	81
41	81
42	81
43	81
44	81
45	81
46	81
47	81
48	81
49	81
50	80
51	80
52	80
53	80
54	80
55	80
56	80
57	80
58	80
59	80
60	80
61	80
62	80
63	80
64	80
65	80
66	80
67	80
68	80
69	80
70	80
71	80
72	80
73	80
74	80
75	79
76	79
77	79
78	79
79	79
80	79
81	79
82	79
83	79
84	79
85	79
86	79
87	79
88	79
89	79
90	79
91	79
92	79
93	79
94	79
95	79
96	78
97	79
98	78
99	78
100	78
101	78
102	78
103	78
104	78
105	78
106	78
107	78
108	78
109	78
110	78
111	78
112	78
113	78
114	78
115	78
116	78
117	78
118	78
119	78
120	77
121	77
122	77
123	77
124	77
125	77
126	77
127	77
128	77
129	77
130	77
131	77
132	77
133	77
134	77
135	77
136	77
137	77
138	77
139	77
140	77
141	77
142	77
143	76
144	76
145	76
146	76
147	76
148	76
149	76
150	76
151	76
152	76
153	76
154	76
155	76
156	76
157	76
158	76
159	76
160	76
161	76
162	76
163	76
164	76
165	76
166	76
167	75
168	76
169	75
170	75
171	75
172	75
173	75
174	75
175	75
176	75
177	75
178	75
179	75
180	75
181	75
182	75
183	75
184	75
185	75
186	75
187	75
188	75
189	75
190	74
191	75
192	74
193	74
194	74
195	74
196	74
197	74
198	74
199	74
200	74
201	74
202	74
203	74
204	74
205	74
206	74
207	74
208	74
209	74
210	74
211	74
212	74
213	74
214	74
215	74
216	73
217	73
218	73
219	73
220	73
221	73
222	73
223	73
224	73
225	73
226	73
227	73
228	73
229	73
230	73
231	73
232	73
233	73
234	73
235	73
236	73
237	73
238	73
239	72
240	73
241	72
242	72
243	72
244	72
245	72
246	72
247	72
248	72
249	72
250	72
251	72
252	72
253	72
254	72
255	72
256	72
257	72
258	72
259	72
260	72
261	72
262	72
263	72
264	71
265	71
266	71
267	71
268	71
269	71
270	71
271	71
272	71
273	71
274	71
275	71
276	71
277	71
278	71
279	71
280	71
281	71
282	71
283	71
284	71
285	71
286	71
287	71
288	71
289	71
290	70
291	70
292	70
293	70
294	70
295	70
296	70
297	70
298	70
299	70
300	70
301	70
302	70
303	70
304	70
305	70
306	70
307	70
308	70
309	70
310	70
311	70
312	70
313	70
314	70
315	69
316	69
317	69
318	69
319	69
320	69
321	69
322	69
323	69
324	69
325	69
326	69
327	69
328	69
329	69
330	69
331	69
332	69
333	69
334	69
335	69
336	69
337	69
338	69
339	69
340	68
341	69
342	68
343	68
344	68
345	68
346	68
347	68
348	68
349	68
350	68
351	68
352	68
353	68
354	68
355	68
356	68
357	68
358	68
359	68
360	68
361	68
362	68
363	68
364	68
365	68
366	68
367	67
368	67
369	67
370	67
371	67
372	67
373	67
374	67
375	67
376	67
377	67
378	67
379	67
380	67
381	67
382	67
383	67
384	67
385	67
386	67
387	67
388	67
389	67
390	66
391	67
392	66
393	67
394	66
395	66
396	66
397	66
398	66
399	66
400	66
401	66
402	66
403	66
404	66
405	66
406	66
407	66
408	66
409	66
410	66
411	66
412	66
413	66
414	66
415	66
416	66
417	66
418	66
419	65
420	65
421	65
422	65
423	65
424	65
425	65
426	65
427	65
428	65
429	65
430	65
431	65
432	65
433	65
434	65
435	65
436	65
437	65
438	65
439	65
440	65
441	65
442	65
443	65
444	64
445	64
446	64
447	64
448	64
449	64
450	64
451	64
452	64
453	64
454	64
455	64
456	64
457	64
458	64
459	64
460	64
461	64
462	64
463	64
464	64
465	64
466	64
467	64
468	64
469	64
470	64
471	63
472	64
473	63
474	63
475	63
476	63
477	63
478	63
479	63
480	63
481	63
482	63
483	63
484	63
485	63
486	63
487	63
488	63
489	63
490	63
491	63
492	63
493	63
494	63
495	63
496	63
497	63
498	62
499	62
500	62
501	62
502	62
503	62
504	62
505	62
506	62
507	62
508	62
509	62
510	62
511	62
512	62
513	62
514	62
515	62
516	62
517	62
518	62
519	62
520	62
521	62
522	62
523	62
524	62
525	62
526	61
527	62
528	61
529	61
530	61
531	61
532	61
533	61
534	61
535	61
536	61
537	61
538	61
539	61
540	61
541	61
542	61
543	61
544	61
545	61
546	61
547	61
548	61
549	61
550	61
551	61
552	61
553	61
554	60
555	60
556	60
557	60
558	60
559	60
560	60
561	60
562	60
563	60
564	60
565	60
566	60
567	60
568	60
569	60
570	60
571	60
572	60
573	60
574	60
575	60
576	60
577	60
578	60
579	60
580	59
581	59
582	59
583	59
584	59
585	59
586	59
587	59
588	59
589	59
590	59
591	59
592	59
593	59
594	59
595	59
596	59
597	59
598	59
599	59
600	59
601	59
602	59
603	59
604	59
605	59
606	59
607	59
608	59
609	58
610	58
611	58
612	58
613	58
614	58
615	58
616	58
617	58
618	58
619	58
620	58
621	58
622	58
623	58
624	58
625	58
626	58
627	58
628	58
629	58
630	58
631	58
632	58
633	58
634	58
635	58
636	58
637	58
638	57
639	57
640	57
641	57
642	57
643	57
644	57
645	57
646	57
647	57
648	57
649	57
650	57
651	57
652	57
653	57
654	57
655	57
656	57
657	57
658	57
659	57
660	57
661	57
662	57
663	57
664	57
665	56
666	57
667	56
668	56
669	56
670	56
671	56
672	56
673	56
674	56
675	56
676	56
677	56
678	56
679	56
680	56
681	56
682	56
683	56
684	56
685	56
686	56
687	56
688	56
689	56
690	56
691	56
692	56
693	56
694	56
695	55
696	55
697	55
698	55
699	55
700	55
701	55
702	55
703	55
704	55
705	55
706	55
707	55
708	55
709	55
710	55
711	55
712	55
713	55
714	55
715	55
716	55
717	55
718	55
719	55
720	55
721	55
722	55
723	54
724	54
725	54
726	54
727	54
728	54
729	54
730	54
731	54
732	54
733	54
734	54
735	54
736	54
737	54
738	54
739	54
740	54
741	54
742	54
743	54
744	54
745	54
746	54
747	54
748	54
749	54
750	54
751	54
752	54
753	54
754	53
755	54
756	53
757	53
758	53
759	53
760	53
761	53
762	53
763	53
764	53
765	53
766	53
767	53
768	53
769	53
770	53
771	53
772	53
773	53
774	53
775	53
776	53
777	53
778	53
779	53
780	53
781	53
782	53
783	53
784	52
785	52
786	53
787	52
788	52
789	52
790	52
791	52
792	52
793	52
794	52
795	52
796	52
797	52
798	52
799	52
800	52
801	52
802	52
803	52
804	52
805	52
806	52
807	52
808	52
809	52
810	52
811	52
812	52
813	52
814	52
815	52
816	52
817	52
818	52
819	51
820	51
821	51
822	51
823	51
824	51
825	51
826	51
827	51
828	51
829	51
830	51
831	51
832	51
833	51
834	51
835	51
836	51
837	51
838	51
839	51
840	51
841	51
842	51
843	51
844	51
845	51
846	51
847	50
848	51
849	50
850	50
851	50
852	50
853	50
854	50
855	50
856	50
857	50
858	50
859	50
860	50
861	50
862	50
863	50
864	50
865	50
866	50
867	50
868	50
869	50
870	50
871	50
872	50
873	50
874	50
875	50
876	50
877	49
878	49
879	50
880	49
881	49
882	49
883	49
884	49
885	49
886	49
887	49
888	49
889	49
890	49
891	49
892	49
893	49
894	49
895	49
896	49
897	49
898	49
899	49
900	49
901	49
902	49
903	49
904	49
905	49
906	49
907	49
908	49
909	48
910	48
911	48
912	48
913	48
914	48
915	48
916	48
917	48
918	48
919	48
920	48
921	48
922	48
923	48
924	48
925	48
926	48
927	48
928	48
929	48
930	48
931	48
932	47
933	48
934	47
935	47
936	48
937	47
938	47
939	47
940	47
941	47
942	47
943	47
944	47
945	47
946	47
947	47
948	47
949	47
950	47
951	47
952	47
953	47
954	47
955	47
956	47
957	47
958	47
959	47
960	47
961	47
962	47
963	46
964	47
965	46
966	47
967	46
968	46
969	46
970	46
971	46
972	46
973	46
974	46
975	46
976	46
977	46
978	46
979	46
980	46
981	46
982	46
983	46
984	46
985	46
986	46
987	46
988	46
989	45
990	46
991	45
992	46
993	46
994	46
995	46
996	46
997	45
998	46
999	45
1000	45
1001	45
1002	45
1003	45
1004	45
1005	45
1006	45
1007	45
1008	45
1009	45
1010	45
1011	45
1012	45
1013	45
1014	45
1015	45
1016	44
1017	44
1018	45
1019	44
1020	45
1021	44
1022	45
1023	44
