# Peak: 816
# X	Y
0	849
1	849
2	849
3	849
4	849
5	849
6	849
7	849
8	849
9	849
10	849
11	848
12	848
13	848
14	848
15	848
16	848
17	848
18	848
19	848
20	848
21	848
22	848
23	848
24	848
25	848
26	847
27	847
28	847
29	847
30	847
31	847
32	847
33	847
34	847
35	847
36	847
37	847
38	847
39	847
40	846
41	846
42	846
43	846
44	846
45	846
46	846
47	846
48	846
49	846
50	846
51	846
52	846
53	846
54	846
55	845
56	845
57	845
58	845
59	845
60	845
61	845
62	845
63	845
64	845
65	845
66	845
67	845
68	845
69	845
70	844
71	844
72	844
73	844
74	844
75	844
76	844
77	844
78	844
79	844
80	844
81	844
82	844
83	844
84	843
85	843
86	843
87	843
88	843
89	843
90	843
91	843
92	843
93	843
94	843
95	843
96	843
97	843
98	843
99	843
100	842
101	842
102	842
103	842
104	842
105	842
106	842
107	842
108	842
109	842
110	842
111	842
112	842
113	842
114	841
115	841
116	841
117	841
118	841
119	841
120	841
121	841
122	841
123	841
124	841
125	841
126	841
127	841
128	841
129	841
130	840
131	840
132	840
133	840
134	840
135	840
136	840
137	840
138	840
139	840
140	840
141	840
142	840
143	839
144	839
145	839
146	839
147	839
148	839
149	839
150	839
151	839
152	839
153	839
154	839
155	839
156	839
157	839
158	839
159	839
160	838
161	838
162	838
163	838
164	838
165	838
166	838
167	838
168	838
169	838
170	838
171	838
172	838
173	838
174	838
175	837
176	837
177	837
178	837
179	837
180	837
181	837
182	837
183	837
184	837
185	837
186	837
187	837
188	837
189	837
190	837
191	836
192	836
193	836
194	836
195	836
196	836
197	836
198	836
199	836
200	836
201	836
202	836
203	836
204	836
205	836
206	835
207	835
208	835
209	835
210	835
211	835
212	835
213	835
214	835
215	835
216	835
217	835
218	835
219	835
220	835
221	834
222	834
223	834
224	834
225	834
226	834
227	834
228	834
229	834
230	834
231	834
232	834
233	834
234	834
235	834
236	833
237	833
238	833
239	833
240	833
241	833
242	833
243	833
244	833
245	833
246	833
247	833
248	833
249	833
250	833
251	833
252	832
253	832
254	832
255	832
256	832
257	832
258	832
259	832
260	832
261	832
262	832
263	832
264	832
265	832
266	832
267	831
268	831
269	831
270	831
271	831
272	831
273	831
274	831
275	831
276	831
277	831
278	831
279	831
280	831
281	831
282	830
283	830
284	830
285	830
286	830
287	830
288	830
289	830
290	830
291	830
292	830
293	830
294	830
295	830
296	830
297	830
298	830
299	829
300	829
301	829
302	829
303	829
304	829
305	829
306	829
307	829
308	829
309	829
310	829
311	829
312	829
313	829
314	828
315	828
316	828
317	828
318	828
319	828
320	828
321	828
322	828
323	828
324	828
325	828
326	828
327	828
328	828
329	827
330	827
331	827
332	827
333	827
334	827
335	827
336	827
337	827
338	827
339	827
340	827
341	827
342	827
343	827
344	827
345	826
346	826
347	826
348	826
349	826
350	826
351	826
352	826
353	826
354	826
355	826
356	826
357	826
358	826
359	826
360	826
361	825
362	825
363	825
364	825
365	825
366	825
367	825
368	825
369	825
370	825
371	825
372	825
373	825
374	825
375	825
376	825
377	824
378	824
379	824
380	824
381	824
382	824
383	824
384	824
385	824
386	824
387	824
388	824
389	824
390	824
391	824
392	824
393	824
394	823
395	823
396	823
397	823
398	823
399	823
400	823
401	823
402	823
403	823
404	823
405	823
406	823
407	823
408	823
409	822
410	822
411	822
412	822
413	822
414	822
415	822
416	822
417	822
418	822
419	822
420	822
421	822
422	822
423	822
424	822
425	821
426	821
427	821
428	821
429	821
430	821
431	821
432	821
433	821
434	821
435	821
436	821
437	821
438	821
439	821
440	821
441	820
442	820
443	820
444	820
445	820
446	820
447	820
448	820
449	820
450	820
451	820
452	820
453	820
454	820
455	820
456	820
457	819
458	819
459	819
460	819
461	819
462	819
463	819
464	819
465	819
466	819
467	819
468	819
469	819
470	819
471	819
472	818
473	818
474	818
475	818
476	818
477	818
478	818
479	818
480	818
481	818
482	818
483	818
484	818
485	818
486	818
487	818
488	818
489	817
490	817
491	817
492	817
493	817
494	817
495	817
496	817
497	817
498	817
499	817
500	817
501	817
502	817
503	817
504	817
505	816
506	816
507	816
508	816
509	816
510	816
511	816
512	816
513	816
514	816
515	816
516	816
517	816
518	816
519	816
520	816
521	815
522	816
523	815
524	815
525	815
526	815
527	815
528	815
529	815
530	815
531	815
532	815
533	815
534	815
535	815
536	815
537	815
538	814
539	814
540	814
541	814
542	814
543	814
544	814
545	814
546	814
547	814
548	814
549	814
550	814
551	814
552	814
553	814
554	814
555	813
556	813
557	813
558	813
559	813
560	813
561	813
562	813
563	813
564	813
565	813
566	813
567	813
568	813
569	813
570	813
571	813
572	812
573	812
574	812
575	812
576	812
577	812
578	812
579	812
580	812
581	812
582	812
583	812
584	812
585	812
586	812
587	812
588	812
589	811
590	811
591	811
592	811
593	811
594	811
595	811
596	811
597	811
598	811
599	811
600	811
601	811
602	811
603	811
604	811
605	810
606	810
607	810
608	810
609	810
610	810
611	810
612	810
613	810
614	810
615	810
616	810
617	810
618	810
619	810
620	810
621	809
622	809
623	809
624	809
625	809
626	809
627	809
628	809
629	809
630	809
631	809
632	809
633	809
634	809
635	809
636	809
637	809
638	809
639	808
640	808
641	808
642	808
643	808
644	808
645	808
646	808
647	808
648	808
649	808
650	808
651	808
652	808
653	808
654	808
655	807
656	807
657	807
658	807
659	807
660	807
661	807
662	807
663	807
664	807
665	807
666	807
667	807
668	807
669	807
670	807
671	807
672	807
673	806
674	806
675	806
676	806
677	806
678	806
679	806
680	806
681	806
682	806
683	806
684	806
685	806
686	806
687	806
688	806
689	806
690	805
691	805
692	805
693	805
694	805
695	805
696	805
697	805
698	805
699	805
700	805
701	805
702	805
703	805
704	805
705	805
706	805
707	804
708	804
709	804
710	804
711	804
712	804
713	804
714	804
715	804
716	804
717	804
718	804
719	804
720	804
721	804
722	804
723	804
724	803
725	803
726	803
727	803
728	803
729	803
730	803
731	803
732	803
733	803
734	803
735	803
736	803
737	803
738	803
739	803
740	803
741	803
742	802
743	802
744	802
745	802
746	802
747	802
748	802
749	802
750	802
751	802
752	802
753	802
754	802
755	802
756	802
757	802
758	802
759	801
760	801
761	801
762	801
763	801
764	801
765	801
766	801
767	801
768	801
769	801
770	801
771	801
772	801
773	801
774	801
775	801
776	800
777	800
778	800
779	800
780	800
781	800
782	800
783	800
784	800
785	800
786	800
787	800
788	800
789	800
790	800
791	800
792	800
793	800
794	800
795	799
796	799
797	799
798	799
799	799
800	799
801	799
802	799
803	799
804	799
805	799
806	799
807	799
808	799
809	799
810	799
811	799
812	798
813	798
814	798
815	798
816	798
817	798
818	798
819	798
820	798
821	798
822	798
823	798
824	798
825	798
826	798
827	798
828	798
829	798
830	797
831	797
832	797
833	797
834	797
835	797
836	797
837	797
838	797
839	797
840	797
841	797
842	797
843	797
844	797
845	797
846	797
847	797
848	796
849	796
850	796
851	796
852	796
853	796
854	796
855	796
856	796
857	796
858	796
859	796
860	796
861	796
862	796
863	796
864	796
865	796
866	795
867	795
868	795
869	795
870	795
871	795
872	795
873	795
874	795
875	795
876	795
877	795
878	795
879	795
880	795
881	795
882	795
883	795
884	794
885	794
886	794
887	794
888	794
889	794
890	794
891	794
892	794
893	794
894	794
895	794
896	794
897	794
898	794
899	794
900	794
901	794
902	794
903	793
904	793
905	793
906	793
907	793
908	793
909	793
910	793
911	793
912	793
913	793
914	793
915	793
916	793
917	793
918	793
919	793
920	793
921	792
922	792
923	792
924	792
925	792
926	792
927	792
928	792
929	792
930	792
931	792
932	792
933	792
934	792
935	792
936	792
937	792
938	792
939	792
940	791
941	791
942	791
943	791
944	791
945	791
946	791
947	791
948	791
949	791
950	791
951	791
952	791
953	791
954	791
955	791
956	791
957	791
958	790
959	790
960	790
961	790
962	790
963	790
964	790
965	790
966	790
967	790
968	790
969	790
970	790
971	790
972	790
973	790
974	790
975	790
976	789
977	789
978	789
979	789
980	789
981	789
982	789
983	789
984	789
985	789
986	789
987	789
988	789
989	789
990	789
991	789
992	789
993	789
994	789
995	788
996	788
997	788
998	788
999	788
1000	788
1001	788
1002	788
1003	788
1004	788
1005	788
1006	788
1007	788
1008	788
1009	788
1010	788
1011	788
1012	788
1013	788
1014	787
1015	787
1016	787
1017	787
1018	787
1019	787
1020	787
1021	787
1022	787
1023	787
