# Peak: 298
# X	Y
0	323
1	323
2	323
3	323
4	323
5	323
6	323
7	323
8	323
9	322
10	322
11	322
12	322
13	322
14	322
15	322
16	322
17	322
18	322
19	322
20	322
21	322
22	322
23	322
24	322
25	322
26	322
27	322
28	321
29	321
30	321
31	321
32	321
33	321
34	321
35	321
36	321
37	321
38	321
39	321
40	321
41	321
42	321
43	321
44	321
45	321
46	320
47	320
48	320
49	320
50	320
51	320
52	320
53	320
54	320
55	320
56	320
57	320
58	320
59	320
60	320
61	320
62	320
63	320
64	320
65	320
66	319
67	319
68	319
69	319
70	319
71	319
72	319
73	319
74	319
75	319
76	319
77	319
78	319
79	319
80	319
81	319
82	319
83	319
84	319
85	318
86	318
87	318
88	318
89	318
90	318
91	318
92	318
93	318
94	318
95	318
96	318
97	318
98	318
99	318
100	318
101	318
102	318
103	318
104	317
105	317
106	317
107	317
108	317
109	317
110	317
111	317
112	317
113	317
114	317
115	317
116	317
117	317
118	317
119	317
120	317
121	317
122	317
123	317
124	317
125	316
126	316
127	316
128	316
129	316
130	316
131	316
132	316
133	316
134	316
135	316
136	316
137	316
138	316
139	316
140	316
141	316
142	316
143	316
144	315
145	315
146	315
147	315
148	315
149	315
150	315
151	315
152	315
153	315
154	315
155	315
156	315
157	315
158	315
159	315
160	315
161	315
162	315
163	315
164	314
165	314
166	314
167	314
168	314
169	314
170	314
171	314
172	314
173	314
174	314
175	314
176	314
177	314
178	314
179	314
180	314
181	314
182	314
183	314
184	313
185	313
186	313
187	313
188	313
189	313
190	313
191	313
192	313
193	313
194	313
195	313
196	313
197	313
198	313
199	313
200	313
201	313
202	313
203	313
204	312
205	312
206	312
207	312
208	312
209	312
210	312
211	312
212	312
213	312
214	312
215	312
216	312
217	312
218	312
219	312
220	312
221	312
222	312
223	312
224	311
225	311
226	311
227	311
228	311
229	311
230	311
231	311
232	311
233	311
234	311
235	311
236	311
237	311
238	311
239	311
240	311
241	311
242	311
243	311
244	310
245	310
246	310
247	310
248	310
249	310
250	310
251	310
252	310
253	310
254	310
255	310
256	310
257	310
258	310
259	310
260	310
261	310
262	310
263	310
264	310
265	309
266	309
267	309
268	309
269	309
270	309
271	309
272	309
273	309
274	309
275	309
276	309
277	309
278	309
279	309
280	309
281	309
282	309
283	309
284	309
285	309
286	308
287	308
288	308
289	308
290	308
291	308
292	308
293	308
294	308
295	308
296	308
297	308
298	308
299	308
300	308
301	308
302	308
303	308
304	308
305	308
306	308
307	307
308	307
309	307
310	307
311	307
312	307
313	307
314	307
315	307
316	307
317	307
318	307
319	307
320	307
321	307
322	307
323	307
324	307
325	307
326	307
327	306
328	306
329	306
330	306
331	306
332	306
333	306
334	306
335	306
336	306
337	306
338	306
339	306
340	306
341	306
342	306
343	306
344	306
345	306
346	306
347	306
348	306
349	305
350	305
351	305
352	305
353	305
354	305
355	305
356	305
357	305
358	305
359	305
360	305
361	305
362	305
363	305
364	305
365	305
366	305
367	305
368	305
369	305
370	304
371	304
372	304
373	304
374	304
375	304
376	304
377	304
378	304
379	304
380	304
381	304
382	304
383	304
384	304
385	304
386	304
387	304
388	304
389	304
390	304
391	304
392	304
393	303
394	303
395	303
396	303
397	303
398	303
399	303
400	303
401	303
402	303
403	303
404	303
405	303
406	303
407	303
408	303
409	303
410	303
411	303
412	303
413	303
414	302
415	302
416	302
417	302
418	302
419	302
420	302
421	302
422	302
423	302
424	302
425	302
426	302
427	302
428	302
429	302
430	302
431	302
432	302
433	302
434	301
435	302
436	301
437	301
438	301
439	301
440	301
441	301
442	301
443	301
444	301
445	301
446	301
447	301
448	301
449	301
450	301
451	301
452	301
453	301
454	301
455	301
456	301
457	300
458	300
459	300
460	300
461	300
462	300
463	300
464	300
465	300
466	300
467	300
468	300
469	300
470	300
471	300
472	300
473	300
474	300
475	300
476	300
477	300
478	300
479	300
480	299
481	299
482	299
483	299
484	299
485	299
486	299
487	299
488	299
489	299
490	299
491	299
492	299
493	299
494	299
495	299
496	299
497	299
498	299
499	299
500	299
501	298
502	298
503	298
504	298
505	298
506	298
507	298
508	298
509	298
510	298
511	298
512	298
513	298
514	298
515	298
516	298
517	298
518	298
519	298
520	298
521	298
522	298
523	298
524	297
525	297
526	297
527	297
528	297
529	297
530	297
531	297
532	297
533	297
534	297
535	297
536	297
537	297
538	297
539	297
540	297
541	297
542	297
543	297
544	297
545	297
546	297
547	296
548	296
549	296
550	296
551	296
552	296
553	296
554	296
555	296
556	296
557	296
558	296
559	296
560	296
561	296
562	296
563	296
564	296
565	296
566	296
567	296
568	296
569	296
570	296
571	295
572	295
573	295
574	295
575	295
576	295
577	295
578	295
579	295
580	295
581	295
582	295
583	295
584	295
585	295
586	295
587	295
588	295
589	295
590	295
591	295
592	295
593	295
594	294
595	294
596	294
597	294
598	294
599	294
600	294
601	294
602	294
603	294
604	294
605	294
606	294
607	294
608	294
609	294
610	294
611	294
612	294
613	294
614	294
615	294
616	293
617	293
618	293
619	293
620	293
621	293
622	293
623	293
624	293
625	293
626	293
627	293
628	293
629	293
630	293
631	293
632	293
633	293
634	293
635	293
636	293
637	293
638	293
639	293
640	293
641	292
642	292
643	292
644	292
645	292
646	292
647	292
648	292
649	292
650	292
651	292
652	292
653	292
654	292
655	292
656	292
657	292
658	292
659	292
660	292
661	292
662	292
663	292
664	291
665	291
666	291
667	291
668	291
669	291
670	291
671	291
672	291
673	291
674	291
675	291
676	291
677	291
678	291
679	291
680	291
681	291
682	291
683	291
684	291
685	291
686	291
687	291
688	290
689	290
690	290
691	290
692	290
693	290
694	290
695	290
696	290
697	290
698	290
699	290
700	290
701	290
702	290
703	290
704	290
705	290
706	290
707	290
708	290
709	290
710	290
711	290
712	289
713	289
714	289
715	289
716	289
717	289
718	289
719	289
720	289
721	289
722	289
723	289
724	289
725	289
726	289
727	289
728	289
729	289
730	289
731	289
732	289
733	289
734	289
735	289
736	288
737	288
738	288
739	288
740	288
741	288
742	288
743	288
744	288
745	288
746	288
747	288
748	288
749	288
750	288
751	288
752	288
753	288
754	288
755	288
756	288
757	288
758	288
759	288
760	288
761	287
762	287
763	287
764	287
765	287
766	287
767	287
768	287
769	287
770	287
771	287
772	287
773	287
774	287
775	287
776	287
777	287
778	287
779	287
780	287
781	287
782	287
783	287
784	287
785	286
786	286
787	286
788	286
789	286
790	286
791	286
792	286
793	286
794	286
795	286
796	286
797	286
798	286
799	286
800	286
801	286
802	286
803	286
804	286
805	286
806	286
807	286
808	286
809	286
810	286
811	285
812	285
813	285
814	285
815	285
816	285
817	285
818	285
819	285
820	285
821	285
822	285
823	285
824	285
825	285
826	285
827	285
828	285
829	285
830	285
831	285
832	285
833	285
834	285
835	284
836	284
837	284
838	284
839	284
840	284
841	284
842	284
843	284
844	284
845	284
846	284
847	284
848	284
849	284
850	284
851	284
852	284
853	284
854	284
855	284
856	284
857	284
858	284
859	284
860	284
861	284
862	284
863	283
864	283
865	283
866	283
867	283
868	283
869	283
870	283
871	283
872	283
873	283
874	283
875	283
876	283
877	283
878	283
879	283
880	283
881	283
882	283
883	283
884	283
885	283
886	283
887	283
888	282
889	282
890	282
891	282
892	282
893	282
894	282
895	282
896	282
897	282
898	282
899	282
900	282
901	282
902	282
903	282
904	282
905	282
906	282
907	282
908	282
909	282
910	282
911	282
912	282
913	282
914	282
915	282
916	281
917	281
918	281
919	281
920	281
921	281
922	281
923	281
924	281
925	281
926	281
927	281
928	281
929	281
930	281
931	281
932	281
933	281
934	281
935	281
936	281
937	281
938	281
939	281
940	281
941	281
942	281
943	280
944	280
945	280
946	280
947	280
948	280
949	280
950	280
951	280
952	280
953	280
954	280
955	280
956	280
957	280
958	280
959	280
960	280
961	280
962	280
963	280
964	280
965	280
966	280
967	280
968	280
969	279
970	279
971	279
972	279
973	279
974	279
975	279
976	279
977	279
978	279
979	279
980	279
981	279
982	279
983	279
984	279
985	279
986	279
987	279
988	279
989	279
990	279
991	279
992	279
993	279
994	278
995	278
996	278
997	278
998	278
999	278
1000	278
1001	278
1002	278
1003	278
1004	278
1005	278
1006	278
1007	278
1008	278
1009	278
1010	278
1011	278
1012	278
1013	278
1014	278
1015	278
1016	278
1017	278
1018	278
1019	278
1020	277
1021	277
1022	277
1023	277
