# Peak: 664
# X	Y
0	695
1	695
2	695
3	695
4	695
5	695
6	694
7	694
8	694
9	694
10	694
11	694
12	694
13	694
14	694
15	694
16	694
17	694
18	694
19	694
20	694
21	693
22	693
23	693
24	693
25	693
26	693
27	693
28	693
29	693
30	693
31	693
32	693
33	693
34	693
35	693
36	693
37	692
38	692
39	692
40	692
41	692
42	692
43	692
44	692
45	692
46	692
47	692
48	692
49	692
50	692
51	692
52	692
53	691
54	691
55	691
56	691
57	691
58	691
59	691
60	691
61	691
62	691
63	691
64	691
65	691
66	691
67	691
68	691
69	690
70	690
71	690
72	690
73	690
74	690
75	690
76	690
77	690
78	690
79	690
80	690
81	690
82	690
83	690
84	689
85	689
86	689
87	689
88	689
89	689
90	689
91	689
92	689
93	689
94	689
95	689
96	689
97	689
98	689
99	689
100	689
101	688
102	688
103	688
104	688
105	688
106	688
107	688
108	688
109	688
110	688
111	688
112	688
113	688
114	688
115	688
116	687
117	687
118	687
119	687
120	687
121	687
122	687
123	687
124	687
125	687
126	687
127	687
128	687
129	687
130	687
131	687
132	686
133	686
134	686
135	686
136	686
137	686
138	686
139	686
140	686
141	686
142	686
143	686
144	686
145	686
146	686
147	686
148	686
149	685
150	685
151	685
152	685
153	685
154	685
155	685
156	685
157	685
158	685
159	685
160	685
161	685
162	685
163	685
164	685
165	684
166	684
167	684
168	684
169	684
170	684
171	684
172	684
173	684
174	684
175	684
176	684
177	684
178	684
179	684
180	683
181	683
182	683
183	683
184	683
185	683
186	683
187	683
188	683
189	683
190	683
191	683
192	683
193	683
194	683
195	683
196	683
197	683
198	682
199	682
200	682
201	682
202	682
203	682
204	682
205	682
206	682
207	682
208	682
209	682
210	682
211	682
212	682
213	681
214	681
215	681
216	681
217	681
218	681
219	681
220	681
221	681
222	681
223	681
224	681
225	681
226	681
227	681
228	681
229	681
230	680
231	680
232	680
233	680
234	680
235	680
236	680
237	680
238	680
239	680
240	680
241	680
242	680
243	680
244	680
245	680
246	679
247	679
248	679
249	679
250	679
251	679
252	679
253	679
254	679
255	679
256	679
257	679
258	679
259	679
260	679
261	679
262	679
263	678
264	678
265	678
266	678
267	678
268	678
269	678
270	678
271	678
272	678
273	678
274	678
275	678
276	678
277	678
278	678
279	678
280	678
281	677
282	677
283	677
284	677
285	677
286	677
287	677
288	677
289	677
290	677
291	677
292	677
293	677
294	677
295	677
296	676
297	676
298	676
299	676
300	676
301	676
302	676
303	676
304	676
305	676
306	676
307	676
308	676
309	676
310	676
311	676
312	676
313	675
314	675
315	675
316	675
317	675
318	675
319	675
320	675
321	675
322	675
323	675
324	675
325	675
326	675
327	675
328	675
329	675
330	674
331	674
332	674
333	674
334	674
335	674
336	674
337	674
338	674
339	674
340	674
341	674
342	674
343	674
344	674
345	674
346	674
347	673
348	673
349	673
350	673
351	673
352	673
353	673
354	673
355	673
356	673
357	673
358	673
359	673
360	673
361	673
362	673
363	673
364	672
365	672
366	672
367	672
368	672
369	672
370	672
371	672
372	672
373	672
374	672
375	672
376	672
377	672
378	672
379	672
380	671
381	671
382	671
383	671
384	671
385	671
386	671
387	671
388	671
389	671
390	671
391	671
392	671
393	671
394	671
395	671
396	671
397	671
398	670
399	670
400	670
401	670
402	670
403	670
404	670
405	670
406	670
407	670
408	670
409	670
410	670
411	670
412	670
413	670
414	670
415	669
416	669
417	669
418	669
419	669
420	669
421	669
422	669
423	669
424	669
425	669
426	669
427	669
428	669
429	669
430	669
431	669
432	669
433	668
434	668
435	668
436	668
437	668
438	668
439	668
440	668
441	668
442	668
443	668
444	668
445	668
446	668
447	668
448	668
449	668
450	668
451	667
452	667
453	667
454	667
455	667
456	667
457	667
458	667
459	667
460	667
461	667
462	667
463	667
464	667
465	667
466	667
467	666
468	666
469	666
470	666
471	666
472	666
473	666
474	666
475	666
476	666
477	666
478	666
479	666
480	666
481	666
482	666
483	666
484	665
485	665
486	665
487	665
488	665
489	665
490	665
491	665
492	665
493	665
494	665
495	665
496	665
497	665
498	665
499	665
500	665
501	664
502	664
503	664
504	664
505	664
506	664
507	664
508	664
509	664
510	664
511	664
512	664
513	664
514	664
515	664
516	664
517	664
518	664
519	664
520	663
521	663
522	663
523	663
524	663
525	663
526	663
527	663
528	663
529	663
530	663
531	663
532	663
533	663
534	663
535	663
536	663
537	662
538	662
539	662
540	662
541	662
542	662
543	662
544	662
545	662
546	662
547	662
548	662
549	662
550	662
551	662
552	662
553	662
554	662
555	661
556	661
557	661
558	661
559	661
560	661
561	661
562	661
563	661
564	661
565	661
566	661
567	661
568	661
569	661
570	661
571	661
572	661
573	661
574	660
575	660
576	660
577	660
578	660
579	660
580	660
581	660
582	660
583	660
584	660
585	660
586	660
587	660
588	660
589	660
590	660
591	659
592	659
593	659
594	659
595	659
596	659
597	659
598	659
599	659
600	659
601	659
602	659
603	659
604	659
605	659
606	659
607	659
608	659
609	658
610	658
611	658
612	658
613	658
614	658
615	658
616	658
617	658
618	658
619	658
620	658
621	658
622	658
623	658
624	658
625	658
626	658
627	658
628	657
629	657
630	657
631	657
632	657
633	657
634	657
635	657
636	657
637	657
638	657
639	657
640	657
641	657
642	657
643	657
644	657
645	657
646	656
647	656
648	656
649	656
650	656
651	656
652	656
653	656
654	656
655	656
656	656
657	656
658	656
659	656
660	656
661	656
662	656
663	656
664	655
665	655
666	655
667	655
668	655
669	655
670	655
671	655
672	655
673	655
674	655
675	655
676	655
677	655
678	655
679	655
680	655
681	655
682	655
683	655
684	654
685	654
686	654
687	654
688	654
689	654
690	654
691	654
692	654
693	654
694	654
695	654
696	654
697	654
698	654
699	654
700	654
701	653
702	654
703	653
704	653
705	653
706	653
707	653
708	653
709	653
710	653
711	653
712	653
713	653
714	653
715	653
716	653
717	653
718	653
719	653
720	653
721	652
722	652
723	652
724	652
725	652
726	652
727	652
728	652
729	652
730	652
731	652
732	652
733	652
734	652
735	652
736	652
737	652
738	652
739	652
740	651
741	651
742	651
743	651
744	651
745	651
746	651
747	651
748	651
749	651
750	651
751	651
752	651
753	651
754	651
755	651
756	651
757	651
758	651
759	650
760	650
761	650
762	650
763	650
764	650
765	650
766	650
767	650
768	650
769	650
770	650
771	650
772	650
773	650
774	650
775	650
776	650
777	650
778	650
779	649
780	649
781	649
782	649
783	649
784	649
785	649
786	649
787	649
788	649
789	649
790	649
791	649
792	649
793	649
794	649
795	649
796	649
797	648
798	648
799	648
800	648
801	648
802	648
803	648
804	648
805	648
806	648
807	648
808	648
809	648
810	648
811	648
812	648
813	648
814	648
815	648
816	648
817	648
818	647
819	647
820	647
821	647
822	647
823	647
824	647
825	647
826	647
827	647
828	647
829	647
830	647
831	647
832	647
833	647
834	647
835	647
836	646
837	646
838	646
839	646
840	646
841	646
842	646
843	646
844	646
845	646
846	646
847	646
848	646
849	646
850	646
851	646
852	646
853	646
854	646
855	646
856	645
857	645
858	645
859	645
860	645
861	645
862	645
863	645
864	645
865	645
866	645
867	645
868	645
869	645
870	645
871	645
872	645
873	645
874	645
875	645
876	644
877	644
878	644
879	644
880	644
881	644
882	644
883	644
884	644
885	644
886	644
887	644
888	644
889	644
890	644
891	644
892	644
893	644
894	644
895	643
896	643
897	643
898	643
899	643
900	643
901	643
902	643
903	643
904	643
905	643
906	643
907	643
908	643
909	643
910	643
911	643
912	643
913	643
914	643
915	643
916	642
917	642
918	642
919	642
920	642
921	642
922	642
923	642
924	642
925	642
926	642
927	642
928	642
929	642
930	642
931	642
932	642
933	642
934	642
935	642
936	641
937	641
938	641
939	641
940	641
941	641
942	641
943	641
944	641
945	641
946	641
947	641
948	641
949	641
950	641
951	641
952	641
953	641
954	641
955	641
956	641
957	640
958	640
959	640
960	640
961	640
962	640
963	640
964	640
965	640
966	640
967	640
968	640
969	640
970	640
971	640
972	640
973	640
974	640
975	640
976	640
977	639
978	639
979	639
980	639
981	639
982	639
983	639
984	639
985	639
986	639
987	639
988	639
989	639
990	639
991	639
992	639
993	639
994	639
995	639
996	639
997	639
998	639
999	638
1000	638
1001	638
1002	638
1003	638
1004	638
1005	638
1006	638
1007	638
1008	638
1009	638
1010	638
1011	638
1012	638
1013	638
1014	638
1015	638
1016	638
1017	638
1018	638
1019	638
1020	637
1021	637
1022	637
1023	637
