# Peak: 451
# X	Y
0	478
1	478
2	478
3	478
4	478
5	478
6	478
7	478
8	478
9	478
10	478
11	478
12	478
13	477
14	477
15	477
16	477
17	477
18	477
19	477
20	477
21	477
22	477
23	477
24	477
25	477
26	477
27	477
28	477
29	477
30	477
31	477
32	476
33	476
34	476
35	476
36	476
37	476
38	476
39	476
40	476
41	476
42	476
43	476
44	476
45	476
46	476
47	476
48	476
49	476
50	475
51	475
52	475
53	475
54	475
55	475
56	475
57	475
58	475
59	475
60	475
61	475
62	475
63	475
64	475
65	475
66	475
67	475
68	474
69	474
70	474
71	474
72	474
73	474
74	474
75	474
76	474
77	474
78	474
79	474
80	474
81	474
82	474
83	474
84	474
85	474
86	473
87	473
88	473
89	473
90	473
91	473
92	473
93	473
94	473
95	473
96	473
97	473
98	473
99	473
100	473
101	473
102	473
103	473
104	473
105	472
106	472
107	472
108	472
109	472
110	472
111	472
112	472
113	472
114	472
115	472
116	472
117	472
118	472
119	472
120	472
121	472
122	471
123	471
124	471
125	471
126	471
127	471
128	471
129	471
130	471
131	471
132	471
133	471
134	471
135	471
136	471
137	471
138	471
139	471
140	470
141	470
142	470
143	470
144	470
145	470
146	470
147	470
148	470
149	470
150	470
151	470
152	470
153	470
154	470
155	470
156	470
157	469
158	469
159	469
160	469
161	469
162	469
163	469
164	469
165	469
166	469
167	469
168	469
169	469
170	469
171	469
172	469
173	469
174	469
175	469
176	469
177	468
178	468
179	468
180	468
181	468
182	468
183	468
184	468
185	468
186	468
187	468
188	468
189	468
190	468
191	468
192	467
193	467
194	467
195	467
196	467
197	467
198	467
199	467
200	467
201	467
202	467
203	467
204	467
205	467
206	467
207	467
208	467
209	467
210	467
211	467
212	467
213	466
214	466
215	466
216	466
217	466
218	466
219	466
220	466
221	466
222	466
223	466
224	466
225	466
226	466
227	466
228	466
229	466
230	465
231	466
232	466
233	466
234	465
235	465
236	465
237	465
238	465
239	465
240	465
241	465
242	465
243	465
244	465
245	465
246	465
247	465
248	465
249	464
250	464
251	464
252	464
253	464
254	464
255	464
256	464
257	464
258	464
259	464
260	464
261	464
262	464
263	464
264	464
265	464
266	464
267	464
268	464
269	464
270	463
271	463
272	463
273	463
274	463
275	463
276	463
277	463
278	463
279	463
280	463
281	463
282	463
283	463
284	463
285	463
286	463
287	462
288	462
289	462
290	462
291	462
292	462
293	462
294	462
295	462
296	462
297	462
298	462
299	462
300	462
301	462
302	462
303	462
304	462
305	462
306	462
307	461
308	461
309	461
310	461
311	461
312	461
313	461
314	461
315	461
316	461
317	461
318	461
319	461
320	461
321	461
322	461
323	461
324	461
325	461
326	461
327	460
328	460
329	460
330	460
331	460
332	460
333	460
334	460
335	460
336	460
337	460
338	460
339	460
340	460
341	460
342	460
343	460
344	460
345	459
346	459
347	459
348	459
349	459
350	459
351	459
352	459
353	459
354	459
355	459
356	459
357	459
358	459
359	459
360	459
361	459
362	459
363	459
364	459
365	459
366	458
367	458
368	458
369	458
370	458
371	458
372	458
373	458
374	458
375	458
376	458
377	458
378	458
379	458
380	458
381	458
382	458
383	458
384	458
385	457
386	457
387	457
388	457
389	457
390	457
391	457
392	457
393	457
394	457
395	457
396	457
397	457
398	457
399	457
400	457
401	457
402	457
403	457
404	456
405	456
406	456
407	456
408	456
409	456
410	456
411	456
412	456
413	456
414	456
415	456
416	456
417	456
418	456
419	456
420	456
421	456
422	456
423	456
424	455
425	455
426	455
427	455
428	455
429	455
430	455
431	455
432	455
433	455
434	455
435	455
436	455
437	455
438	455
439	455
440	455
441	455
442	455
443	455
444	454
445	454
446	454
447	454
448	454
449	454
450	454
451	454
452	454
453	454
454	454
455	454
456	454
457	454
458	454
459	454
460	454
461	454
462	454
463	454
464	453
465	453
466	453
467	453
468	453
469	453
470	453
471	453
472	453
473	453
474	453
475	453
476	453
477	453
478	453
479	453
480	453
481	453
482	453
483	453
484	452
485	452
486	452
487	452
488	452
489	452
490	452
491	452
492	452
493	452
494	452
495	452
496	452
497	452
498	452
499	452
500	452
501	452
502	452
503	452
504	451
505	451
506	451
507	451
508	451
509	451
510	451
511	451
512	451
513	451
514	451
515	451
516	451
517	451
518	451
519	451
520	451
521	451
522	451
523	451
524	451
525	450
526	450
527	450
528	450
529	450
530	450
531	450
532	450
533	450
534	450
535	450
536	450
537	450
538	450
539	450
540	450
541	450
542	450
543	450
544	450
545	450
546	449
547	449
548	449
549	449
550	449
551	449
552	449
553	449
554	449
555	449
556	449
557	449
558	449
559	449
560	449
561	449
562	449
563	449
564	449
565	449
566	448
567	448
568	448
569	448
570	448
571	448
572	448
573	448
574	448
575	448
576	448
577	448
578	448
579	448
580	448
581	448
582	448
583	448
584	448
585	448
586	448
587	447
588	447
589	447
590	447
591	447
592	447
593	447
594	447
595	447
596	447
597	447
598	447
599	447
600	447
601	447
602	447
603	447
604	447
605	447
606	447
607	447
608	446
609	446
610	446
611	446
612	446
613	446
614	446
615	446
616	446
617	446
618	446
619	446
620	446
621	446
622	446
623	446
624	446
625	446
626	446
627	446
628	446
629	445
630	445
631	445
632	445
633	445
634	445
635	445
636	445
637	445
638	445
639	445
640	445
641	445
642	445
643	445
644	445
645	445
646	445
647	445
648	445
649	445
650	445
651	444
652	444
653	444
654	444
655	444
656	444
657	444
658	444
659	444
660	444
661	444
662	444
663	444
664	444
665	444
666	444
667	444
668	444
669	444
670	444
671	444
672	444
673	443
674	443
675	443
676	443
677	443
678	443
679	443
680	443
681	443
682	443
683	443
684	443
685	443
686	443
687	443
688	443
689	443
690	443
691	443
692	443
693	443
694	442
695	442
696	442
697	442
698	442
699	442
700	442
701	442
702	442
703	442
704	442
705	442
706	442
707	442
708	442
709	442
710	442
711	442
712	442
713	442
714	442
715	442
716	441
717	441
718	441
719	441
720	441
721	441
722	441
723	441
724	441
725	441
726	441
727	441
728	441
729	441
730	441
731	441
732	441
733	441
734	441
735	441
736	441
737	441
738	440
739	440
740	440
741	440
742	440
743	440
744	440
745	440
746	440
747	440
748	440
749	440
750	440
751	440
752	440
753	440
754	440
755	440
756	440
757	440
758	440
759	440
760	439
761	439
762	439
763	439
764	439
765	439
766	439
767	439
768	439
769	439
770	439
771	439
772	439
773	439
774	439
775	439
776	439
777	439
778	439
779	439
780	439
781	439
782	438
783	438
784	438
785	438
786	438
787	438
788	438
789	438
790	438
791	438
792	438
793	438
794	438
795	438
796	438
797	438
798	438
799	438
800	438
801	438
802	438
803	438
804	437
805	437
806	437
807	437
808	437
809	437
810	437
811	437
812	437
813	437
814	437
815	437
816	437
817	437
818	437
819	437
820	437
821	437
822	437
823	437
824	437
825	437
826	437
827	437
828	436
829	436
830	436
831	436
832	436
833	436
834	436
835	436
836	436
837	436
838	436
839	436
840	436
841	436
842	436
843	436
844	436
845	436
846	436
847	436
848	436
849	436
850	435
851	435
852	435
853	435
854	435
855	435
856	435
857	435
858	435
859	435
860	435
861	435
862	435
863	435
864	435
865	435
866	435
867	435
868	435
869	435
870	435
871	435
872	435
873	435
874	434
875	434
876	434
877	434
878	434
879	434
880	434
881	434
882	434
883	434
884	434
885	434
886	434
887	434
888	434
889	434
890	434
891	434
892	434
893	434
894	434
895	434
896	434
897	433
898	433
899	433
900	433
901	433
902	433
903	433
904	433
905	433
906	433
907	433
908	433
909	433
910	433
911	433
912	433
913	433
914	433
915	433
916	433
917	433
918	433
919	433
920	433
921	432
922	432
923	432
924	432
925	432
926	432
927	432
928	432
929	432
930	432
931	432
932	432
933	432
934	432
935	432
936	432
937	432
938	432
939	432
940	432
941	432
942	432
943	432
944	432
945	431
946	431
947	431
948	431
949	431
950	431
951	431
952	431
953	431
954	431
955	431
956	431
957	431
958	431
959	431
960	431
961	431
962	431
963	431
964	431
965	431
966	431
967	431
968	431
969	430
970	430
971	430
972	430
973	430
974	430
975	430
976	430
977	430
978	430
979	430
980	430
981	430
982	430
983	430
984	430
985	430
986	430
987	430
988	430
989	430
990	430
991	430
992	430
993	429
994	429
995	429
996	429
997	429
998	429
999	429
1000	429
1001	429
1002	429
1003	429
1004	429
1005	429
1006	429
1007	429
1008	429
1009	429
1010	429
1011	429
1012	429
1013	429
1014	429
1015	429
1016	429
1017	429
1018	428
1019	428
1020	428
1021	428
1022	428
1023	428
