# Peak: 217
# X	Y
0	241
1	241
2	241
3	241
4	241
5	241
6	241
7	241
8	241
9	240
10	240
11	240
12	240
13	240
14	240
15	240
16	240
17	240
18	240
19	240
20	240
21	240
22	240
23	240
24	240
25	240
26	240
27	240
28	240
29	240
30	239
31	239
32	239
33	239
34	239
35	239
36	239
37	239
38	239
39	239
40	239
41	239
42	239
43	239
44	239
45	239
46	239
47	239
48	239
49	239
50	238
51	238
52	238
53	238
54	238
55	238
56	238
57	238
58	238
59	238
60	238
61	238
62	238
63	238
64	238
65	238
66	238
67	238
68	238
69	237
70	237
71	237
72	237
73	237
74	237
75	237
76	237
77	237
78	237
79	237
80	237
81	237
82	237
83	237
84	237
85	237
86	237
87	237
88	237
89	237
90	236
91	236
92	236
93	236
94	236
95	236
96	236
97	236
98	236
99	236
100	236
101	236
102	236
103	236
104	236
105	236
106	236
107	236
108	236
109	236
110	236
111	235
112	235
113	235
114	235
115	235
116	235
117	235
118	235
119	235
120	235
121	235
122	235
123	235
124	235
125	235
126	235
127	235
128	235
129	235
130	235
131	235
132	234
133	234
134	234
135	234
136	234
137	234
138	234
139	234
140	234
141	234
142	234
143	234
144	234
145	234
146	234
147	234
148	234
149	234
150	234
151	234
152	233
153	233
154	233
155	233
156	233
157	233
158	233
159	233
160	233
161	233
162	233
163	233
164	233
165	233
166	233
167	233
168	233
169	233
170	233
171	233
172	233
173	233
174	232
175	232
176	232
177	232
178	232
179	232
180	232
181	232
182	232
183	232
184	232
185	232
186	232
187	232
188	232
189	232
190	232
191	232
192	232
193	232
194	232
195	231
196	231
197	231
198	231
199	231
200	231
201	231
202	231
203	231
204	231
205	231
206	231
207	231
208	231
209	231
210	231
211	231
212	231
213	231
214	231
215	231
216	230
217	230
218	230
219	230
220	230
221	230
222	230
223	230
224	230
225	230
226	230
227	230
228	230
229	230
230	230
231	230
232	230
233	230
234	230
235	230
236	230
237	229
238	229
239	229
240	229
241	229
242	229
243	229
244	229
245	229
246	229
247	229
248	229
249	229
250	229
251	229
252	229
253	229
254	229
255	229
256	229
257	229
258	229
259	228
260	228
261	228
262	228
263	228
264	228
265	228
266	228
267	228
268	228
269	228
270	228
271	228
272	228
273	228
274	228
275	228
276	228
277	228
278	228
279	228
280	228
281	227
282	227
283	227
284	227
285	227
286	227
287	227
288	227
289	227
290	227
291	227
292	227
293	227
294	227
295	227
296	227
297	227
298	227
299	227
300	227
301	227
302	227
303	226
304	226
305	226
306	226
307	226
308	226
309	226
310	226
311	226
312	226
313	226
314	226
315	226
316	226
317	226
318	226
319	226
320	226
321	226
322	226
323	226
324	225
325	226
326	225
327	225
328	225
329	225
330	225
331	225
332	225
333	225
334	225
335	225
336	225
337	225
338	225
339	225
340	225
341	225
342	225
343	225
344	225
345	225
346	225
347	225
348	224
349	224
350	224
351	224
352	224
353	224
354	224
355	224
356	224
357	224
358	224
359	224
360	224
361	224
362	224
363	224
364	224
365	224
366	224
367	224
368	224
369	224
370	223
371	223
372	223
373	223
374	223
375	223
376	223
377	223
378	223
379	223
380	223
381	223
382	223
383	223
384	223
385	223
386	223
387	223
388	223
389	223
390	223
391	223
392	222
393	222
394	222
395	222
396	222
397	222
398	222
399	222
400	222
401	222
402	222
403	222
404	222
405	222
406	222
407	222
408	222
409	222
410	222
411	222
412	222
413	222
414	222
415	222
416	221
417	221
418	221
419	221
420	221
421	221
422	221
423	221
424	221
425	221
426	221
427	221
428	221
429	221
430	221
431	221
432	221
433	221
434	221
435	221
436	221
437	221
438	221
439	220
440	220
441	220
442	220
443	220
444	220
445	220
446	220
447	220
448	220
449	220
450	220
451	220
452	220
453	220
454	220
455	220
456	220
457	220
458	220
459	220
460	220
461	220
462	220
463	219
464	219
465	219
466	219
467	219
468	219
469	219
470	219
471	219
472	219
473	219
474	219
475	219
476	219
477	219
478	219
479	219
480	219
481	219
482	219
483	219
484	219
485	218
486	218
487	218
488	218
489	218
490	218
491	218
492	218
493	218
494	218
495	218
496	218
497	218
498	218
499	218
500	218
501	218
502	218
503	218
504	218
505	218
506	218
507	218
508	218
509	218
510	217
511	217
512	217
513	217
514	217
515	217
516	217
517	217
518	217
519	217
520	217
521	217
522	217
523	217
524	217
525	217
526	217
527	217
528	217
529	217
530	217
531	217
532	217
533	217
534	216
535	216
536	216
537	216
538	216
539	216
540	216
541	216
542	216
543	216
544	216
545	216
546	216
547	216
548	216
549	216
550	216
551	216
552	216
553	216
554	216
555	216
556	216
557	215
558	215
559	215
560	215
561	215
562	215
563	215
564	215
565	215
566	215
567	215
568	215
569	215
570	215
571	215
572	215
573	215
574	215
575	215
576	215
577	215
578	215
579	215
580	215
581	215
582	214
583	214
584	214
585	214
586	214
587	214
588	214
589	214
590	214
591	214
592	214
593	214
594	214
595	214
596	214
597	214
598	214
599	214
600	214
601	214
602	214
603	214
604	214
605	214
606	214
607	214
608	213
609	213
610	213
611	213
612	213
613	213
614	213
615	213
616	213
617	213
618	213
619	213
620	213
621	213
622	213
623	213
624	213
625	213
626	213
627	213
628	213
629	213
630	213
631	213
632	212
633	212
634	212
635	212
636	212
637	212
638	212
639	212
640	212
641	212
642	212
643	212
644	212
645	212
646	212
647	212
648	212
649	212
650	212
651	212
652	212
653	212
654	212
655	212
656	212
657	211
658	211
659	211
660	211
661	211
662	211
663	211
664	211
665	211
666	211
667	211
668	211
669	211
670	211
671	211
672	211
673	211
674	211
675	211
676	211
677	211
678	211
679	211
680	211
681	211
682	211
683	210
684	210
685	210
686	210
687	210
688	210
689	210
690	210
691	210
692	210
693	210
694	210
695	210
696	210
697	210
698	210
699	210
700	210
701	210
702	210
703	210
704	210
705	210
706	210
707	210
708	209
709	209
710	209
711	209
712	209
713	209
714	209
715	209
716	209
717	209
718	209
719	209
720	209
721	209
722	209
723	209
724	209
725	209
726	209
727	209
728	209
729	209
730	209
731	209
732	209
733	209
734	208
735	208
736	208
737	208
738	208
739	208
740	208
741	208
742	208
743	208
744	208
745	208
746	208
747	208
748	208
749	208
750	208
751	208
752	208
753	208
754	208
755	208
756	208
757	208
758	208
759	208
760	207
761	207
762	207
763	207
764	207
765	207
766	207
767	207
768	207
769	207
770	207
771	207
772	207
773	207
774	207
775	207
776	207
777	207
778	207
779	207
780	207
781	207
782	207
783	207
784	207
785	207
786	207
787	206
788	206
789	206
790	206
791	206
792	206
793	206
794	206
795	206
796	206
797	206
798	206
799	206
800	206
801	206
802	206
803	206
804	206
805	206
806	206
807	206
808	206
809	206
810	206
811	206
812	206
813	206
814	205
815	205
816	205
817	205
818	205
819	205
820	205
821	205
822	205
823	205
824	205
825	205
826	205
827	205
828	205
829	205
830	205
831	205
832	205
833	205
834	205
835	205
836	205
837	205
838	205
839	205
840	205
841	205
842	204
843	204
844	204
845	204
846	204
847	204
848	204
849	204
850	204
851	204
852	204
853	204
854	204
855	204
856	204
857	204
858	204
859	204
860	204
861	204
862	204
863	204
864	204
865	204
866	204
867	204
868	204
869	204
870	203
871	203
872	203
873	203
874	203
875	203
876	203
877	203
878	203
879	203
880	203
881	203
882	203
883	203
884	203
885	203
886	203
887	203
888	203
889	203
890	203
891	203
892	203
893	203
894	203
895	203
896	203
897	202
898	202
899	202
900	202
901	202
902	202
903	202
904	202
905	202
906	202
907	202
908	202
909	202
910	202
911	202
912	202
913	202
914	202
915	202
916	202
917	202
918	202
919	202
920	202
921	202
922	202
923	202
924	202
925	201
926	201
927	201
928	201
929	201
930	201
931	201
932	201
933	201
934	201
935	201
936	201
937	201
938	201
939	201
940	201
941	201
942	201
943	201
944	201
945	201
946	201
947	201
948	201
949	201
950	201
951	201
952	201
953	200
954	200
955	200
956	200
957	200
958	200
959	200
960	200
961	200
962	200
963	200
964	200
965	200
966	200
967	200
968	200
969	200
970	200
971	200
972	200
973	200
974	200
975	200
976	200
977	200
978	200
979	200
980	200
981	199
982	199
983	199
984	199
985	199
986	199
987	199
988	199
989	199
990	199
991	199
992	199
993	199
994	199
995	199
996	199
997	199
998	199
999	199
1000	199
1001	199
1002	199
1003	199
1004	199
1005	199
1006	199
1007	199
1008	198
1009	198
1010	198
1011	198
1012	198
1013	198
1014	198
1015	198
1016	198
1017	198
1018	198
1019	198
1020	198
1021	198
1022	198
1023	198
