# Peak: 93
# X	Y
0	114
1	114
2	114
3	114
4	114
5	114
6	114
7	114
8	114
9	114
10	114
11	114
12	113
13	114
14	113
15	113
16	113
17	113
18	113
19	113
20	113
21	113
22	113
23	113
24	113
25	113
26	113
27	113
28	113
29	113
30	113
31	113
32	113
33	113
34	113
35	112
36	112
37	113
38	112
39	112
40	112
41	112
42	112
43	112
44	112
45	112
46	112
47	112
48	112
49	112
50	112
51	112
52	112
53	112
54	112
55	112
56	112
57	111
58	111
59	111
60	111
61	111
62	111
63	111
64	111
65	111
66	111
67	111
68	111
69	111
70	111
71	111
72	111
73	111
74	111
75	111
76	111
77	111
78	111
79	110
80	110
81	110
82	110
83	110
84	110
85	110
86	110
87	110
88	110
89	110
90	110
91	110
92	110
93	110
94	110
95	110
96	110
97	110
98	110
99	110
100	110
101	110
102	109
103	109
104	109
105	109
106	109
107	109
108	109
109	109
110	109
111	109
112	109
113	109
114	109
115	109
116	109
117	109
118	109
119	109
120	109
121	109
122	109
123	109
124	109
125	108
126	108
127	108
128	108
129	108
130	108
131	108
132	108
133	108
134	108
135	108
136	108
137	108
138	108
139	108
140	108
141	108
142	108
143	108
144	108
145	108
146	108
147	108
148	107
149	107
150	107
151	107
152	107
153	107
154	107
155	107
156	107
157	107
158	107
159	107
160	107
161	107
162	107
163	107
164	107
165	107
166	107
167	107
168	107
169	107
170	106
171	107
172	106
173	106
174	106
175	106
176	106
177	106
178	106
179	106
180	106
181	106
182	106
183	106
184	106
185	106
186	106
187	106
188	106
189	106
190	106
191	106
192	106
193	106
194	106
195	105
196	105
197	105
198	105
199	105
200	105
201	105
202	105
203	105
204	105
205	105
206	105
207	105
208	105
209	105
210	105
211	105
212	105
213	105
214	105
215	105
216	105
217	105
218	104
219	104
220	104
221	104
222	104
223	104
224	104
225	104
226	104
227	104
228	104
229	104
230	104
231	104
232	104
233	104
234	104
235	104
236	104
237	104
238	104
239	104
240	104
241	104
242	104
243	104
244	103
245	103
246	103
247	103
248	103
249	103
250	103
251	103
252	103
253	103
254	103
255	103
256	103
257	103
258	103
259	103
260	103
261	103
262	103
263	103
264	103
265	103
266	103
267	102
268	103
269	102
270	102
271	102
272	102
273	102
274	102
275	102
276	102
277	102
278	102
279	102
280	102
281	102
282	102
283	102
284	102
285	102
286	102
287	102
288	102
289	102
290	102
291	101
292	101
293	101
294	101
295	101
296	101
297	101
298	101
299	101
300	101
301	101
302	101
303	101
304	101
305	101
306	101
307	101
308	101
309	101
310	101
311	101
312	101
313	101
314	101
315	101
316	100
317	100
318	100
319	100
320	100
321	100
322	100
323	100
324	100
325	100
326	100
327	100
328	100
329	100
330	100
331	100
332	100
333	100
334	100
335	100
336	100
337	100
338	100
339	99
340	99
341	99
342	99
343	99
344	99
345	99
346	99
347	99
348	99
349	99
350	99
351	99
352	99
353	99
354	99
355	99
356	99
357	99
358	99
359	99
360	99
361	99
362	99
363	99
364	99
365	98
366	98
367	98
368	98
369	98
370	98
371	98
372	98
373	98
374	98
375	98
376	98
377	98
378	98
379	98
380	98
381	98
382	98
383	98
384	98
385	98
386	98
387	98
388	98
389	98
390	98
391	97
392	97
393	97
394	97
395	97
396	97
397	97
398	97
399	97
400	97
401	97
402	97
403	97
404	97
405	97
406	97
407	97
408	97
409	97
410	97
411	97
412	97
413	97
414	97
415	97
416	97
417	96
418	96
419	96
420	96
421	96
422	96
423	96
424	96
425	96
426	96
427	96
428	96
429	96
430	96
431	96
432	96
433	96
434	96
435	96
436	96
437	96
438	96
439	96
440	96
441	96
442	95
443	95
444	95
445	95
446	95
447	95
448	95
449	95
450	95
451	95
452	95
453	95
454	95
455	95
456	95
457	95
458	95
459	95
460	95
461	95
462	95
463	95
464	95
465	95
466	95
467	95
468	95
469	94
470	94
471	94
472	94
473	94
474	94
475	94
476	94
477	94
478	94
479	94
480	94
481	94
482	94
483	94
484	94
485	94
486	94
487	94
488	94
489	94
490	94
491	94
492	94
493	93
494	93
495	93
496	93
497	93
498	93
499	93
500	93
501	93
502	93
503	93
504	93
505	93
506	93
507	93
508	93
509	93
510	93
511	93
512	93
513	93
514	93
515	93
516	93
517	93
518	93
519	93
520	92
521	92
522	92
523	92
524	92
525	92
526	92
527	92
528	92
529	92
530	92
531	92
532	92
533	92
534	92
535	92
536	92
537	92
538	92
539	92
540	92
541	92
542	92
543	92
544	92
545	92
546	91
547	91
548	91
549	91
550	91
551	91
552	91
553	91
554	91
555	91
556	91
557	91
558	91
559	91
560	91
561	91
562	91
563	91
564	91
565	91
566	91
567	91
568	91
569	91
570	91
571	91
572	91
573	90
574	91
575	90
576	90
577	90
578	90
579	90
580	90
581	90
582	90
583	90
584	90
585	90
586	90
587	90
588	90
589	90
590	90
591	90
592	90
593	90
594	90
595	90
596	90
597	90
598	90
599	90
600	90
601	90
602	90
603	89
604	89
605	89
606	89
607	89
608	89
609	89
610	89
611	89
612	89
613	89
614	89
615	89
616	89
617	89
618	89
619	89
620	89
621	89
622	89
623	89
624	89
625	89
626	89
627	89
628	89
629	88
630	88
631	88
632	88
633	88
634	88
635	88
636	88
637	88
638	88
639	88
640	88
641	88
642	88
643	88
644	88
645	88
646	88
647	88
648	88
649	88
650	88
651	88
652	88
653	88
654	88
655	88
656	87
657	88
658	87
659	87
660	87
661	87
662	87
663	87
664	87
665	87
666	87
667	87
668	87
669	87
670	87
671	87
672	87
673	87
674	87
675	87
676	87
677	87
678	87
679	87
680	87
681	87
682	87
683	87
684	87
685	87
686	87
687	86
688	86
689	86
690	86
691	86
692	86
693	86
694	86
695	86
696	86
697	86
698	86
699	86
700	86
701	86
702	86
703	86
704	86
705	86
706	86
707	86
708	86
709	86
710	86
711	86
712	86
713	85
714	85
715	85
716	85
717	85
718	85
719	85
720	85
721	85
722	85
723	85
724	85
725	85
726	85
727	85
728	85
729	85
730	85
731	85
732	85
733	85
734	85
735	85
736	85
737	85
738	85
739	85
740	85
741	85
742	85
743	84
744	84
745	84
746	84
747	84
748	84
749	84
750	84
751	84
752	84
753	84
754	84
755	84
756	84
757	84
758	84
759	84
760	84
761	84
762	84
763	84
764	84
765	84
766	84
767	84
768	84
769	84
770	84
771	84
772	83
773	84
774	83
775	83
776	83
777	83
778	83
779	83
780	83
781	83
782	83
783	83
784	83
785	83
786	83
787	83
788	83
789	83
790	83
791	83
792	83
793	83
794	83
795	83
796	83
797	83
798	83
799	83
800	83
801	82
802	82
803	82
804	82
805	82
806	82
807	82
808	82
809	82
810	82
811	82
812	82
813	82
814	82
815	82
816	82
817	82
818	82
819	82
820	82
821	82
822	82
823	82
824	82
825	82
826	82
827	82
828	82
829	82
830	82
831	81
832	81
833	81
834	81
835	81
836	81
837	81
838	81
839	81
840	81
841	81
842	81
843	81
844	81
845	81
846	81
847	81
848	81
849	81
850	81
851	81
852	81
853	81
854	81
855	81
856	81
857	81
858	80
859	81
860	81
861	80
862	80
863	80
864	80
865	80
866	80
867	80
868	80
869	80
870	80
871	80
872	80
873	80
874	80
875	80
876	80
877	80
878	80
879	80
880	80
881	80
882	80
883	80
884	80
885	80
886	80
887	80
888	80
889	80
890	80
891	79
892	79
893	79
894	79
895	79
896	79
897	79
898	79
899	79
900	79
901	79
902	79
903	79
904	79
905	79
906	79
907	79
908	79
909	79
910	79
911	79
912	79
913	79
914	79
915	79
916	79
917	79
918	78
919	79
920	78
921	78
922	78
923	78
924	78
925	78
926	78
927	78
928	78
929	78
930	78
931	78
932	78
933	78
934	78
935	78
936	78
937	78
938	78
939	78
940	78
941	78
942	78
943	78
944	78
945	78
946	78
947	78
948	77
949	77
950	78
951	77
952	77
953	77
954	77
955	77
956	77
957	77
958	77
959	77
960	77
961	77
962	77
963	77
964	77
965	77
966	77
967	77
968	77
969	77
970	77
971	76
972	77
973	76
974	77
975	76
976	76
977	76
978	76
979	76
980	76
981	76
982	76
983	76
984	76
985	76
986	76
987	76
988	76
989	76
990	76
991	76
992	76
993	76
994	76
995	75
996	76
997	76
998	75
999	76
1000	76
1001	76
1002	76
1003	75
1004	75
1005	75
1006	75
1007	75
1008	75
1009	75
1010	75
1011	75
1012	75
1013	75
1014	75
1015	75
1016	75
1017	75
1018	75
1019	75
1020	75
1021	75
1022	75
1023	75
