46.00000    18.00000
46.00000    33.00000
45.00000    47.00000
45.00000    62.00000
44.00000    78.00000
44.00000    93.00000
43.00000    111.00000
43.00000    125.00000
42.00000    145.00000
42.00000    159.00000
41.00000    180.00000
41.00000    195.00000
40.00000    218.00000
40.00000    232.00000
39.00000    257.00000
39.00000    271.00000
38.00000    298.00000
38.00000    313.00000
37.00000    342.00000
37.00000    357.00000
36.00000    388.00000
36.00000    403.00000
35.00000    437.00000
35.00000    452.00000
34.00000    489.00000
34.00000    503.00000
33.00000    544.00000
33.00000    558.00000
32.00000    602.00000
32.00000    617.00000
31.00000    665.00000
31.00000    679.00000
30.00000    731.00000
30.00000    745.00000
29.00000    802.00000
29.00000    817.00000
28.00000    879.00000
28.00000    893.00000
27.00000    961.00000
27.00000    975.00000
