# Peak: 731
# X	Y
0	763
1	763
2	763
3	763
4	762
5	762
6	762
7	762
8	762
9	762
10	762
11	762
12	762
13	762
14	762
15	762
16	762
17	762
18	761
19	761
20	761
21	761
22	761
23	761
24	761
25	761
26	761
27	761
28	761
29	761
30	761
31	761
32	761
33	761
34	760
35	760
36	760
37	760
38	760
39	760
40	760
41	760
42	760
43	760
44	760
45	760
46	760
47	760
48	759
49	759
50	759
51	759
52	759
53	759
54	759
55	759
56	759
57	759
58	759
59	759
60	759
61	759
62	759
63	759
64	759
65	758
66	758
67	758
68	758
69	758
70	758
71	758
72	758
73	758
74	758
75	758
76	758
77	758
78	758
79	757
80	757
81	757
82	757
83	757
84	757
85	757
86	757
87	757
88	757
89	757
90	757
91	757
92	757
93	757
94	757
95	756
96	756
97	756
98	756
99	756
100	756
101	756
102	756
103	756
104	756
105	756
106	756
107	756
108	756
109	755
110	755
111	755
112	755
113	755
114	755
115	755
116	755
117	755
118	755
119	755
120	755
121	755
122	755
123	755
124	755
125	755
126	754
127	754
128	754
129	754
130	754
131	754
132	754
133	754
134	754
135	754
136	754
137	754
138	754
139	754
140	754
141	754
142	753
143	753
144	753
145	753
146	753
147	753
148	753
149	753
150	753
151	753
152	753
153	753
154	753
155	753
156	753
157	752
158	752
159	752
160	752
161	752
162	752
163	752
164	752
165	752
166	752
167	752
168	752
169	752
170	752
171	752
172	751
173	751
174	751
175	751
176	751
177	751
178	751
179	751
180	751
181	751
182	751
183	751
184	751
185	751
186	751
187	751
188	750
189	750
190	750
191	750
192	750
193	750
194	750
195	750
196	750
197	750
198	750
199	750
200	750
201	750
202	750
203	750
204	749
205	749
206	749
207	749
208	749
209	749
210	749
211	749
212	749
213	749
214	749
215	749
216	749
217	749
218	748
219	748
220	749
221	748
222	748
223	748
224	748
225	748
226	748
227	748
228	748
229	748
230	748
231	748
232	748
233	748
234	748
235	748
236	747
237	747
238	747
239	747
240	747
241	747
242	747
243	747
244	747
245	747
246	747
247	747
248	747
249	747
250	747
251	747
252	747
253	746
254	746
255	746
256	746
257	746
258	746
259	746
260	746
261	746
262	746
263	746
264	746
265	746
266	746
267	746
268	745
269	745
270	745
271	745
272	745
273	745
274	745
275	745
276	745
277	745
278	745
279	745
280	745
281	745
282	745
283	745
284	744
285	744
286	744
287	744
288	744
289	744
290	744
291	744
292	744
293	744
294	744
295	744
296	744
297	744
298	744
299	744
300	743
301	743
302	743
303	743
304	743
305	743
306	743
307	743
308	743
309	743
310	743
311	743
312	743
313	743
314	743
315	743
316	742
317	742
318	742
319	742
320	742
321	742
322	742
323	742
324	742
325	742
326	742
327	742
328	742
329	742
330	742
331	742
332	742
333	741
334	741
335	741
336	741
337	741
338	741
339	741
340	741
341	741
342	741
343	741
344	741
345	741
346	741
347	741
348	740
349	740
350	740
351	740
352	740
353	740
354	740
355	740
356	740
357	740
358	740
359	740
360	740
361	740
362	740
363	740
364	739
365	740
366	739
367	739
368	739
369	739
370	739
371	739
372	739
373	739
374	739
375	739
376	739
377	739
378	739
379	739
380	739
381	738
382	738
383	738
384	738
385	738
386	738
387	738
388	738
389	738
390	738
391	738
392	738
393	738
394	738
395	738
396	738
397	738
398	738
399	737
400	737
401	737
402	737
403	737
404	737
405	737
406	737
407	737
408	737
409	737
410	737
411	737
412	737
413	737
414	737
415	736
416	736
417	736
418	736
419	736
420	736
421	736
422	736
423	736
424	736
425	736
426	736
427	736
428	736
429	736
430	735
431	736
432	735
433	735
434	735
435	735
436	735
437	735
438	735
439	735
440	735
441	735
442	735
443	735
444	735
445	735
446	735
447	735
448	735
449	734
450	734
451	734
452	734
453	734
454	734
455	734
456	734
457	734
458	734
459	734
460	734
461	734
462	734
463	734
464	733
465	734
466	733
467	733
468	733
469	733
470	733
471	733
472	733
473	733
474	733
475	733
476	733
477	733
478	733
479	733
480	733
481	732
482	732
483	732
484	732
485	732
486	732
487	732
488	732
489	732
490	732
491	732
492	732
493	732
494	732
495	732
496	732
497	732
498	731
499	731
500	731
501	731
502	731
503	731
504	731
505	731
506	731
507	731
508	731
509	731
510	731
511	731
512	731
513	731
514	731
515	730
516	730
517	730
518	730
519	730
520	730
521	730
522	730
523	730
524	730
525	730
526	730
527	730
528	730
529	730
530	730
531	730
532	729
533	729
534	729
535	729
536	729
537	729
538	729
539	729
540	729
541	729
542	729
543	729
544	729
545	729
546	729
547	729
548	729
549	729
550	728
551	728
552	728
553	728
554	728
555	728
556	728
557	728
558	728
559	728
560	728
561	728
562	728
563	728
564	728
565	728
566	727
567	727
568	727
569	727
570	727
571	727
572	727
573	727
574	727
575	727
576	727
577	727
578	727
579	727
580	727
581	727
582	727
583	727
584	727
585	726
586	726
587	726
588	726
589	726
590	726
591	726
592	726
593	726
594	726
595	726
596	726
597	726
598	726
599	726
600	725
601	725
602	725
603	725
604	725
605	725
606	725
607	725
608	725
609	725
610	725
611	725
612	725
613	725
614	725
615	725
616	725
617	725
618	725
619	724
620	724
621	724
622	724
623	724
624	724
625	724
626	724
627	724
628	724
629	724
630	724
631	724
632	724
633	724
634	724
635	724
636	723
637	723
638	723
639	723
640	723
641	723
642	723
643	723
644	723
645	723
646	723
647	723
648	723
649	723
650	723
651	723
652	723
653	723
654	722
655	722
656	722
657	722
658	722
659	722
660	722
661	722
662	722
663	722
664	722
665	722
666	722
667	722
668	722
669	722
670	722
671	721
672	721
673	721
674	721
675	721
676	721
677	721
678	721
679	721
680	721
681	721
682	721
683	721
684	721
685	721
686	721
687	721
688	721
689	721
690	720
691	720
692	720
693	720
694	720
695	720
696	720
697	720
698	720
699	720
700	720
701	720
702	720
703	720
704	720
705	720
706	720
707	720
708	719
709	719
710	719
711	719
712	719
713	719
714	719
715	719
716	719
717	719
718	719
719	719
720	719
721	719
722	719
723	719
724	719
725	719
726	718
727	718
728	718
729	718
730	718
731	718
732	718
733	718
734	718
735	718
736	718
737	718
738	718
739	718
740	718
741	718
742	718
743	718
744	717
745	717
746	717
747	717
748	717
749	717
750	717
751	717
752	717
753	717
754	717
755	717
756	717
757	717
758	717
759	717
760	717
761	717
762	716
763	716
764	716
765	716
766	716
767	716
768	716
769	716
770	716
771	716
772	716
773	716
774	716
775	716
776	716
777	716
778	716
779	716
780	716
781	715
782	715
783	715
784	715
785	715
786	715
787	715
788	715
789	715
790	715
791	715
792	715
793	715
794	715
795	715
796	715
797	715
798	714
799	714
800	714
801	714
802	714
803	714
804	714
805	714
806	714
807	714
808	714
809	714
810	714
811	714
812	714
813	714
814	714
815	714
816	713
817	713
818	713
819	713
820	713
821	713
822	713
823	713
824	713
825	713
826	713
827	713
828	713
829	713
830	713
831	713
832	713
833	713
834	713
835	713
836	712
837	712
838	712
839	712
840	712
841	712
842	712
843	712
844	712
845	712
846	712
847	712
848	712
849	712
850	712
851	712
852	712
853	712
854	711
855	711
856	711
857	711
858	711
859	711
860	711
861	711
862	711
863	711
864	711
865	711
866	711
867	711
868	711
869	711
870	711
871	711
872	711
873	711
874	710
875	710
876	710
877	710
878	710
879	710
880	710
881	710
882	710
883	710
884	710
885	710
886	710
887	710
888	710
889	710
890	710
891	710
892	710
893	709
894	709
895	709
896	709
897	709
898	709
899	709
900	709
901	709
902	709
903	709
904	709
905	709
906	709
907	709
908	709
909	709
910	709
911	709
912	708
913	708
914	708
915	708
916	708
917	708
918	708
919	708
920	708
921	708
922	708
923	708
924	708
925	708
926	708
927	708
928	708
929	708
930	708
931	707
932	707
933	707
934	707
935	707
936	707
937	707
938	707
939	707
940	707
941	707
942	707
943	707
944	707
945	707
946	707
947	707
948	707
949	707
950	706
951	706
952	706
953	706
954	706
955	706
956	706
957	706
958	706
959	706
960	706
961	706
962	706
963	706
964	706
965	706
966	706
967	706
968	706
969	706
970	705
971	705
972	705
973	705
974	705
975	705
976	705
977	705
978	705
979	705
980	705
981	705
982	705
983	705
984	705
985	705
986	705
987	705
988	705
989	705
990	704
991	704
992	704
993	704
994	704
995	704
996	704
997	704
998	704
999	704
1000	704
1001	704
1002	704
1003	704
1004	704
1005	704
1006	704
1007	704
1008	704
1009	704
1010	704
1011	703
1012	703
1013	703
1014	703
1015	703
1016	703
1017	703
1018	703
1019	703
1020	703
1021	703
1022	703
1023	703
