# Peak: 437
# X	Y
0	464
1	464
2	464
3	464
4	464
5	464
6	464
7	464
8	463
9	463
10	463
11	463
12	463
13	463
14	463
15	463
16	463
17	463
18	463
19	463
20	463
21	463
22	463
23	463
24	463
25	463
26	463
27	462
28	462
29	462
30	462
31	462
32	462
33	462
34	462
35	462
36	462
37	462
38	462
39	462
40	462
41	462
42	462
43	462
44	461
45	461
46	461
47	461
48	461
49	461
50	461
51	461
52	461
53	461
54	461
55	461
56	461
57	461
58	461
59	461
60	460
61	460
62	461
63	460
64	460
65	460
66	460
67	460
68	460
69	460
70	460
71	460
72	460
73	460
74	460
75	460
76	460
77	460
78	460
79	459
80	459
81	459
82	459
83	459
84	459
85	459
86	459
87	459
88	459
89	459
90	459
91	459
92	459
93	459
94	459
95	459
96	459
97	458
98	458
99	458
100	458
101	458
102	458
103	458
104	458
105	458
106	458
107	458
108	458
109	458
110	458
111	458
112	458
113	458
114	457
115	457
116	457
117	457
118	457
119	457
120	457
121	457
122	457
123	457
124	457
125	457
126	457
127	457
128	457
129	457
130	457
131	457
132	457
133	456
134	456
135	456
136	456
137	456
138	456
139	456
140	456
141	456
142	456
143	456
144	456
145	456
146	456
147	456
148	456
149	456
150	456
151	456
152	456
153	455
154	455
155	455
156	455
157	455
158	455
159	455
160	455
161	455
162	455
163	455
164	455
165	455
166	455
167	455
168	455
169	455
170	454
171	455
172	454
173	454
174	454
175	454
176	454
177	454
178	454
179	454
180	454
181	454
182	454
183	454
184	454
185	454
186	454
187	453
188	454
189	454
190	453
191	453
192	453
193	453
194	453
195	453
196	453
197	453
198	453
199	453
200	453
201	453
202	453
203	453
204	453
205	453
206	452
207	453
208	452
209	452
210	452
211	452
212	452
213	452
214	452
215	452
216	452
217	452
218	452
219	452
220	452
221	452
222	452
223	452
224	451
225	451
226	451
227	452
228	451
229	451
230	451
231	451
232	451
233	451
234	451
235	451
236	451
237	451
238	451
239	451
240	451
241	451
242	451
243	451
244	450
245	450
246	450
247	450
248	450
249	450
250	450
251	450
252	450
253	450
254	450
255	450
256	450
257	450
258	450
259	450
260	450
261	450
262	450
263	450
264	449
265	449
266	449
267	449
268	449
269	449
270	449
271	449
272	449
273	449
274	449
275	449
276	449
277	449
278	449
279	449
280	449
281	449
282	449
283	448
284	448
285	448
286	448
287	448
288	448
289	448
290	448
291	448
292	448
293	448
294	448
295	448
296	448
297	448
298	448
299	448
300	448
301	448
302	447
303	447
304	447
305	447
306	447
307	447
308	447
309	447
310	447
311	447
312	447
313	447
314	447
315	447
316	447
317	447
318	447
319	447
320	447
321	447
322	446
323	446
324	446
325	446
326	446
327	446
328	446
329	446
330	446
331	446
332	446
333	446
334	446
335	446
336	446
337	446
338	446
339	446
340	445
341	445
342	445
343	445
344	445
345	445
346	445
347	445
348	445
349	445
350	445
351	445
352	445
353	445
354	445
355	445
356	445
357	445
358	445
359	445
360	444
361	444
362	444
363	444
364	444
365	444
366	444
367	444
368	444
369	444
370	444
371	444
372	444
373	444
374	444
375	444
376	444
377	444
378	443
379	443
380	443
381	443
382	443
383	443
384	443
385	443
386	443
387	443
388	443
389	443
390	443
391	443
392	443
393	443
394	443
395	443
396	443
397	443
398	442
399	442
400	442
401	442
402	442
403	442
404	442
405	442
406	442
407	442
408	442
409	442
410	442
411	442
412	442
413	442
414	442
415	442
416	442
417	442
418	442
419	441
420	441
421	441
422	441
423	441
424	441
425	441
426	441
427	441
428	441
429	441
430	441
431	441
432	441
433	441
434	441
435	441
436	441
437	441
438	440
439	440
440	440
441	440
442	440
443	440
444	440
445	440
446	440
447	440
448	440
449	440
450	440
451	440
452	440
453	440
454	440
455	440
456	440
457	440
458	439
459	439
460	439
461	439
462	439
463	439
464	439
465	439
466	439
467	439
468	439
469	439
470	439
471	439
472	439
473	439
474	439
475	439
476	439
477	439
478	438
479	438
480	438
481	438
482	438
483	438
484	438
485	438
486	438
487	438
488	438
489	438
490	438
491	438
492	438
493	438
494	438
495	438
496	438
497	438
498	437
499	437
500	437
501	437
502	437
503	437
504	437
505	437
506	437
507	437
508	437
509	437
510	437
511	437
512	437
513	437
514	437
515	437
516	437
517	436
518	436
519	436
520	436
521	436
522	436
523	436
524	436
525	436
526	436
527	436
528	436
529	436
530	436
531	436
532	436
533	436
534	436
535	436
536	436
537	436
538	435
539	435
540	435
541	435
542	435
543	435
544	435
545	435
546	435
547	435
548	435
549	435
550	435
551	435
552	435
553	435
554	435
555	435
556	435
557	435
558	435
559	434
560	434
561	434
562	434
563	434
564	434
565	434
566	434
567	434
568	434
569	434
570	434
571	434
572	434
573	434
574	434
575	434
576	434
577	434
578	434
579	434
580	433
581	433
582	433
583	433
584	433
585	433
586	433
587	433
588	433
589	433
590	433
591	433
592	433
593	433
594	433
595	433
596	433
597	433
598	433
599	433
600	432
601	432
602	432
603	432
604	432
605	432
606	432
607	432
608	432
609	432
610	432
611	432
612	432
613	432
614	432
615	432
616	432
617	432
618	432
619	432
620	432
621	431
622	431
623	431
624	431
625	431
626	431
627	431
628	431
629	431
630	431
631	431
632	431
633	431
634	431
635	431
636	431
637	431
638	431
639	431
640	431
641	431
642	431
643	430
644	430
645	430
646	430
647	430
648	430
649	430
650	430
651	430
652	430
653	430
654	430
655	430
656	430
657	430
658	430
659	430
660	430
661	430
662	430
663	430
664	430
665	429
666	429
667	429
668	429
669	429
670	429
671	429
672	429
673	429
674	429
675	429
676	429
677	429
678	429
679	429
680	429
681	429
682	429
683	429
684	429
685	429
686	429
687	428
688	428
689	428
690	428
691	428
692	428
693	428
694	428
695	428
696	428
697	428
698	428
699	428
700	428
701	428
702	428
703	428
704	428
705	428
706	428
707	428
708	427
709	427
710	427
711	427
712	427
713	427
714	427
715	427
716	427
717	427
718	427
719	427
720	427
721	427
722	427
723	427
724	427
725	427
726	427
727	427
728	427
729	427
730	426
731	426
732	426
733	426
734	426
735	426
736	426
737	426
738	426
739	426
740	426
741	426
742	426
743	426
744	426
745	426
746	426
747	426
748	426
749	426
750	426
751	426
752	425
753	425
754	425
755	425
756	425
757	425
758	425
759	425
760	425
761	425
762	425
763	425
764	425
765	425
766	425
767	425
768	425
769	425
770	425
771	425
772	425
773	425
774	425
775	424
776	424
777	424
778	424
779	424
780	424
781	424
782	424
783	424
784	424
785	424
786	424
787	424
788	424
789	424
790	424
791	424
792	424
793	424
794	424
795	424
796	424
797	424
798	423
799	423
800	423
801	423
802	423
803	423
804	423
805	423
806	423
807	423
808	423
809	423
810	423
811	423
812	423
813	423
814	423
815	423
816	423
817	423
818	423
819	423
820	423
821	422
822	422
823	422
824	422
825	422
826	422
827	422
828	422
829	422
830	422
831	422
832	422
833	422
834	422
835	422
836	422
837	422
838	422
839	422
840	422
841	422
842	421
843	421
844	421
845	421
846	421
847	421
848	421
849	421
850	421
851	421
852	421
853	421
854	421
855	421
856	421
857	421
858	421
859	421
860	421
861	421
862	421
863	421
864	421
865	420
866	420
867	420
868	420
869	420
870	420
871	420
872	420
873	420
874	420
875	420
876	420
877	420
878	420
879	420
880	420
881	420
882	420
883	420
884	420
885	420
886	420
887	420
888	420
889	420
890	419
891	419
892	419
893	419
894	419
895	419
896	419
897	419
898	419
899	419
900	419
901	419
902	419
903	419
904	419
905	419
906	419
907	419
908	419
909	419
910	419
911	419
912	419
913	418
914	418
915	418
916	418
917	418
918	418
919	418
920	418
921	418
922	418
923	418
924	418
925	418
926	418
927	418
928	418
929	418
930	418
931	418
932	418
933	418
934	418
935	418
936	418
937	417
938	417
939	417
940	417
941	417
942	417
943	417
944	417
945	417
946	417
947	417
948	417
949	417
950	417
951	417
952	417
953	417
954	417
955	417
956	417
957	417
958	417
959	417
960	417
961	416
962	416
963	416
964	416
965	416
966	416
967	416
968	416
969	416
970	416
971	416
972	416
973	416
974	416
975	416
976	416
977	416
978	416
979	416
980	416
981	416
982	416
983	416
984	416
985	416
986	415
987	415
988	415
989	415
990	415
991	415
992	415
993	415
994	415
995	415
996	415
997	415
998	415
999	415
1000	415
1001	415
1002	415
1003	415
1004	415
1005	415
1006	415
1007	415
1008	415
1009	415
1010	414
1011	414
1012	414
1013	414
1014	414
1015	414
1016	414
1017	414
1018	414
1019	414
1020	414
1021	414
1022	414
1023	414
